id_municipio,municipio_nome,agencia,endereco,complemento,numero,bairro,municipio_sede,cep,telefone,fax,email,url
3500105,Adamantina,Agência Ambiental de Dracena,Rua Tomé de Souza,,438,Centro,Dracena,17900-000,(18) 3822-3166,(18) 3822-3166,dracena_cetesb@sp.gov.br,https://licenciamento.cetesb.sp.gov.br/municipioss.asp?muni=ADAMANTINA
3500204,Adolfo,Agência Ambiental de São José do Rio Preto,Avenida Floriano André Cabrera,,,Residencial Cidade Jardim - Jardim São Marcos,São José do Rio Preto,15081-490,(17) 3218-4300,(17) 3218-4300,riopreto_cetesb@sp.gov.br,https://licenciamento.cetesb.sp.gov.br/municipioss.asp?muni=ADOLFO
3500303,Aguaí,Agência Ambiental de São João da Boa Vista,Rua Marechal Deodoro,,345,Centro,São João da Boa Vista,13870-223,(19) 3633-1510,(19) 3633-1510,sjboavista_cetesb@sp.gov.br,https://licenciamento.cetesb.sp.gov.br/municipioss.asp?muni=AGUA%CD
3500402,Águas da Prata,Agência Ambiental de São João da Boa Vista,Rua Marechal Deodoro,,345,Centro,São João da Boa Vista,13870-223,(19) 3633-1510,(19) 3633-1510,sjboavista_cetesb@sp.gov.br,https://licenciamento.cetesb.sp.gov.br/municipioss.asp?muni=%C1GUAS%20DA%20PRATA
3500501,Águas de Lindóia,Agência Ambiental de Mogi Guaçu,Rua Hugo Pancieira,,400,Pedregulhal,Mogi Guaçu,13845-190,(19) 3818-0396,(19) 3818-0396,mogiguacu_cetesb@sp.gov.br,https://licenciamento.cetesb.sp.gov.br/municipioss.asp?muni=%C1GUAS%20DE%20LIND%D3IA
3500550,Águas de Santa Bárbara,Agência Ambiental de Avaré,Avenida Governador Mário Covas,,525,Vila Industrial,Avaré,18705-851,(14) 3732-4900,,avare_cetesb@sp.gov.br,https://licenciamento.cetesb.sp.gov.br/municipioss.asp?muni=%C1GUAS%20DE%20SANTA%20B%C1RBARA
3500600,Águas de São Pedro,Agência Ambiental de Piracicaba,Rua do Rosário,,566,Centro,Piracicaba,13400-183,(19) 3402-6863,(19) 3402-6863,piracicaba_cetesb@sp.gov.br,https://licenciamento.cetesb.sp.gov.br/municipioss.asp?muni=%C1GUAS%20DE%20S%C3O%20PEDRO
3500709,Agudos,Agência Ambiental de Bauru,Avenida Rodrigues Alves,Quadra 38,138,Vila Coralina,Bauru,17030-000,(14) 3203-2058,(14) 3203-2344,bauru_cetesb@sp.gov.br,https://licenciamento.cetesb.sp.gov.br/municipioss.asp?muni=AGUDOS
3500758,Alambari,Agência Ambiental de Itapetininga,Rua General Carneiro,,196,Centro,Itapetininga,18200-024,(15) 3272-2888,(15) 3272-2891,itapetininga_cetesb@sp.gov.br,https://licenciamento.cetesb.sp.gov.br/municipioss.asp?muni=ALAMBARI
3500808,Alfredo Marcondes,Agência Ambiental de Presidente Prudente,Rua João Gonçalves Foz,,1736A,Jardim das Rosas,Presidente Prudente,19060-050,(18) 3223-5001,,prudente_cetesb@sp.gov.br,https://licenciamento.cetesb.sp.gov.br/municipioss.asp?muni=ALFREDO%20MARCONDES
3500907,Altair,Agência Ambiental de Barretos,Rua 30,,564,Centro,Barretos,14780-120,(17) 3323-1790,,barretos_cetesb@sp.gov.br,https://licenciamento.cetesb.sp.gov.br/municipioss.asp?muni=ALTAIR
3501004,Altinópolis,Agência Ambiental de Ribeirão Preto,Avenida Presidente Kennedy,,1760,Ribeirânia,Ribeirão Preto,14096-350,(16) 3617-4700,(16) 3617-4207,ribeirao_cetesb@sp.gov.br,https://licenciamento.cetesb.sp.gov.br/municipioss.asp?muni=ALTIN%D3POLIS
3501103,Alto Alegre,Agência Ambiental de Araçatuba,Rua Tenente Alcides Teodoro dos Santos,,260,Aviação,Araçatuba,16055-557,(18) 3608-8053,(18) 3608-7197,aracatuba_cetesb@sp.gov.br,https://licenciamento.cetesb.sp.gov.br/municipioss.asp?muni=ALTO%20ALEGRE
3501152,Alumínio,Agência Ambiental de Itu,Rua Santa Rita,,1165,Centro,Itu,13300-065,(11) 4013-3419,(11) 4013-3419,itu_cetesb@sp.gov.br,https://licenciamento.cetesb.sp.gov.br/municipioss.asp?muni=ALUM%CDNIO
3501202,Álvares Florence,Agência Ambiental de Votuporanga,Avenida Deputado Aureo Ferreira,,1724,Vila Paes,Votuporanga,15500-112,(17) 3421-4004,(17) 3421-4004,votuporanga_cetesb@sp.gov.br,https://licenciamento.cetesb.sp.gov.br/municipioss.asp?muni=%C1LVARES%20FLORENCE
3501301,Álvares Machado,Agência Ambiental de Presidente Prudente,Rua João Gonçalves Foz,,1736A,Jardim das Rosas,Presidente Prudente,19060-050,(18) 3223-5001,,prudente_cetesb@sp.gov.br,https://licenciamento.cetesb.sp.gov.br/municipioss.asp?muni=%C1LVARES%20MACHADO
3501400,Álvaro de Carvalho,Agência Ambiental de Marília,Rua Santa Helena,,436,Jardim Alvorada,Marília,17513-322,(14) 3422-4666,(14) 3422-4666,marilia_cetesb@sp.gov.br,https://licenciamento.cetesb.sp.gov.br/municipioss.asp?muni=%C1LVARO%20DE%20CARVALHO
3501509,Alvinlândia,Agência Ambiental de Marília,Rua Santa Helena,,436,Jardim Alvorada,Marília,17513-322,(14) 3422-4666,(14) 3422-4666,marilia_cetesb@sp.gov.br,https://licenciamento.cetesb.sp.gov.br/municipioss.asp?muni=ALVINL%C2NDIA
3501608,Americana,Agência Ambiental de Americana,Rua Florindo Cibin,,435,Vila Medon,Americana,13465-230,(19) 3461-1550,(19) 3461-1550,americana_cetesb@sp.gov.br,https://licenciamento.cetesb.sp.gov.br/municipioss.asp?muni=AMERICANA
3501707,Américo Brasiliense,Agência Ambiental de Araraquara,Avenida Castro Alves,,1271,Carmo,Araraquara,14800-140,(16) 3332-2211,(16) 3332-2211,araraquara_cetesb@sp.gov.br,https://licenciamento.cetesb.sp.gov.br/municipioss.asp?muni=AM%C9RICO%20BRASILIENSE
3501806,Américo de Campos,Agência Ambiental de Votuporanga,Avenida Deputado Aureo Ferreira,,1724,Vila Paes,Votuporanga,15500-112,(17) 3421-4004,(17) 3421-4004,votuporanga_cetesb@sp.gov.br,https://licenciamento.cetesb.sp.gov.br/municipioss.asp?muni=AM%C9RICO%20DE%20CAMPOS
3501905,Amparo,Agência Ambiental de Paulínia,Rua Angelo Varandas,,550,Jardim Santa Terezinha,Paulínia,13140-802,(19) 3844-0466,(19) 3844-0466,paulinia_cetesb@sp.gov.br,https://licenciamento.cetesb.sp.gov.br/municipioss.asp?muni=AMPARO
3502002,Analândia,Agência Ambiental de Piracicaba,Rua do Rosário,,566,Centro,Piracicaba,13400-183,(19) 3402-6863,(19) 3402-6863,piracicaba_cetesb@sp.gov.br,https://licenciamento.cetesb.sp.gov.br/municipioss.asp?muni=ANAL%C2NDIA
3502101,Andradina,Agência Ambiental de Dracena,Rua Tomé de Souza,,438,Centro,Dracena,17900-000,(18) 3822-3166,(18) 3822-3166,dracena_cetesb@sp.gov.br,https://licenciamento.cetesb.sp.gov.br/municipioss.asp?muni=ANDRADINA
3502200,Angatuba,Agência Ambiental de Itapetininga,Rua General Carneiro,,196,Centro,Itapetininga,18200-024,(15) 3272-2888,(15) 3272-2891,itapetininga_cetesb@sp.gov.br,https://licenciamento.cetesb.sp.gov.br/municipioss.asp?muni=ANGATUBA
3502309,Anhembi,Agência Ambiental de Botucatu,Rua Lourenço Carmelo,,180,Jardim Paraíso,Botucatu,18610-265,(14) 3882-1134,(14) 3882-1134,botucatu_cetesb@sp.gov.br,https://licenciamento.cetesb.sp.gov.br/municipioss.asp?muni=ANHEMBI
3502408,Anhumas,Agência Ambiental de Presidente Prudente,Rua João Gonçalves Foz,,1736A,Jardim das Rosas,Presidente Prudente,19060-050,(18) 3223-5001,,prudente_cetesb@sp.gov.br,https://licenciamento.cetesb.sp.gov.br/municipioss.asp?muni=ANHUMAS
3502507,Aparecida,Agência Ambiental de Taubaté,Avenida Itambé,,38,Santa Luzia,Taubaté,12091-200,(12) 3634-8222,(12) 3634-8234,taubate_cetesb@sp.gov.br,https://licenciamento.cetesb.sp.gov.br/municipioss.asp?muni=APARECIDA
3502606,Aparecida d'Oeste,Agência Ambiental de Jales,Rua Nova Iorque,,1016,Jardim Monterey,Jales,15703-326,(17) 3621-1042,(17) 3621-1042,jales_cetesb@sp.gov.br,https://licenciamento.cetesb.sp.gov.br/municipioss.asp?muni=APARECIDA%20D%60OESTE
3502705,Apiaí,Agência Ambiental de Capão Bonito,Rua Denise,,131,Terras de Imbirucu,Capão Bonito,18304-700,(15) 3542-3173,(15) 3542-3173,capaobonito_cetesb@sp.gov.br,https://licenciamento.cetesb.sp.gov.br/municipioss.asp?muni=APIA%CD
3502754,Araçariguama,Agência Ambiental de Itu,Rua Santa Rita,,1165,Centro,Itu,13300-065,(11) 4013-3419,(11) 4013-3419,itu_cetesb@sp.gov.br,https://licenciamento.cetesb.sp.gov.br/municipioss.asp?muni=ARA%C7ARIGUAMA
3502804,Araçatuba,Agência Ambiental de Araçatuba,Rua Tenente Alcides Teodoro dos Santos,,260,Aviação,Araçatuba,16055-557,(18) 3608-8053,(18) 3608-7197,aracatuba_cetesb@sp.gov.br,https://licenciamento.cetesb.sp.gov.br/municipioss.asp?muni=ARA%C7ATUBA
3502903,Araçoiaba da Serra,Agência Ambiental de Sorocaba,Rua Epitácio Pessoa,,269,Além Ponte,Sorocaba,18013-190,(15) 3222-2065,(15) 3222-2065,sorocaba_cetesb@sp.gov.br,https://licenciamento.cetesb.sp.gov.br/municipioss.asp?muni=ARA%C7OIABA%20DA%20SERRA
3503000,Aramina,Agência Ambiental de Franca,Avenida Dr. Flávio Rocha,,4551,Parque dos Pinhais,Franca,14405-600,(16) 3724-5922,(16) 3724-5922,franca_cetesb@sp.gov.br,https://licenciamento.cetesb.sp.gov.br/municipioss.asp?muni=ARAMINA
3503109,Arandu,Agência Ambiental de Avaré,Avenida Governador Mário Covas,,525,Vila Industrial,Avaré,18705-851,(14) 3732-4900,,avare_cetesb@sp.gov.br,https://licenciamento.cetesb.sp.gov.br/municipioss.asp?muni=ARANDU
3503158,Arapeí,Agência Ambiental de Taubaté,Avenida Itambé,,38,Santa Luzia,Taubaté,12091-200,(12) 3634-8222,(12) 3634-8234,taubate_cetesb@sp.gov.br,https://licenciamento.cetesb.sp.gov.br/municipioss.asp?muni=ARAPE%CD
3503208,Araraquara,Agência Ambiental de Araraquara,Avenida Castro Alves,,1271,Carmo,Araraquara,14800-140,(16) 3332-2211,(16) 3332-2211,araraquara_cetesb@sp.gov.br,https://licenciamento.cetesb.sp.gov.br/municipioss.asp?muni=ARARAQUARA
3503307,Araras,Agência Ambiental de Mogi Guaçu,Rua Hugo Pancieira,,400,Pedregulhal,Mogi Guaçu,13845-190,(19) 3818-0396,(19) 3818-0396,mogiguacu_cetesb@sp.gov.br,https://licenciamento.cetesb.sp.gov.br/municipioss.asp?muni=ARARAS
3503356,Arco-Íris,Agência Ambiental de Marília,Rua Santa Helena,,436,Jardim Alvorada,Marília,17513-322,(14) 3422-4666,(14) 3422-4666,marilia_cetesb@sp.gov.br,https://licenciamento.cetesb.sp.gov.br/municipioss.asp?muni=ARCO-%CDRIS
3503406,Arealva,Agência Ambiental de Bauru,Avenida Rodrigues Alves,Quadra 38,138,Vila Coralina,Bauru,17030-000,(14) 3203-2058,(14) 3203-2344,bauru_cetesb@sp.gov.br,https://licenciamento.cetesb.sp.gov.br/municipioss.asp?muni=AREALVA
3503505,Areias,Agência Ambiental de Taubaté,Avenida Itambé,,38,Santa Luzia,Taubaté,12091-200,(12) 3634-8222,(12) 3634-8234,taubate_cetesb@sp.gov.br,https://licenciamento.cetesb.sp.gov.br/municipioss.asp?muni=AREIAS
3503604,Areiópolis,Agência Ambiental de Botucatu,Rua Lourenço Carmelo,,180,Jardim Paraíso,Botucatu,18610-265,(14) 3882-1134,(14) 3882-1134,botucatu_cetesb@sp.gov.br,https://licenciamento.cetesb.sp.gov.br/municipioss.asp?muni=AREI%D3POLIS
3503703,Ariranha,Agência Ambiental de São José do Rio Preto,Avenida Floriano André Cabrera,,,Residencial Cidade Jardim - Jardim São Marcos,São José do Rio Preto,15081-490,(17) 3218-4300,(17) 3218-4300,riopreto_cetesb@sp.gov.br,https://licenciamento.cetesb.sp.gov.br/municipioss.asp?muni=ARIRANHA
3503802,Artur Nogueira,Agência Ambiental de Limeira,Avenida Vitório Bortolan,,1450,Parque Abílio Pedro,Limeira,13483-132,(19) 3451-6203,(19) 3451-6203,limeira_cetesb@sp.gov.br,https://licenciamento.cetesb.sp.gov.br/municipioss.asp?muni=ARTUR%20NOGUEIRA
3503901,Arujá,Agência Ambiental do Tatuapé,Avenida Celso Garcia,,2593,Belenzinho,São Paulo,03063-000,(11) 2295-0005,(11) 2294-6566,tatuape_cetesb@sp.gov.br,https://licenciamento.cetesb.sp.gov.br/municipioss.asp?muni=ARUJ%C1
3503950,Aspásia,Agência Ambiental de Jales,Rua Nova Iorque,,1016,Jardim Monterey,Jales,15703-326,(17) 3621-1042,(17) 3621-1042,jales_cetesb@sp.gov.br,https://licenciamento.cetesb.sp.gov.br/municipioss.asp?muni=ASP%C1SIA
3504008,Assis,Agência Ambiental de Assis,Via Chico Mendes,,75,Quinta dos Flamboyants,Assis,19810-005,(18) 3324-4177,(18) 3324-4177,assis_cetesb@sp.gov.br,https://licenciamento.cetesb.sp.gov.br/municipioss.asp?muni=ASSIS
3504107,Atibaia,Agência Ambiental de Atibaia,Rua Castro Fafe,,295,Centro,Atibaia,12940-440,(11) 4411-6466,(11) 4411-6466,atibaia_cetesb@sp.gov.br,https://licenciamento.cetesb.sp.gov.br/municipioss.asp?muni=ATIBAIA
3504206,Auriflama,Agência Ambiental de Jales,Rua Nova Iorque,,1016,Jardim Monterey,Jales,15703-326,(17) 3621-1042,(17) 3621-1042,jales_cetesb@sp.gov.br,https://licenciamento.cetesb.sp.gov.br/municipioss.asp?muni=AURIFLAMA
3504305,Avaí,Agência Ambiental de Bauru,Avenida Rodrigues Alves,Quadra 38,138,Vila Coralina,Bauru,17030-000,(14) 3203-2058,(14) 3203-2344,bauru_cetesb@sp.gov.br,https://licenciamento.cetesb.sp.gov.br/municipioss.asp?muni=AVA%CD
3504404,Avanhandava,Agência Ambiental de Araçatuba,Rua Tenente Alcides Teodoro dos Santos,,260,Aviação,Araçatuba,16055-557,(18) 3608-8053,(18) 3608-7197,aracatuba_cetesb@sp.gov.br,https://licenciamento.cetesb.sp.gov.br/municipioss.asp?muni=AVANHANDAVA
3504503,Avaré,Agência Ambiental de Avaré,Avenida Governador Mário Covas,,525,Vila Industrial,Avaré,18705-851,(14) 3732-4900,,avare_cetesb@sp.gov.br,https://licenciamento.cetesb.sp.gov.br/municipioss.asp?muni=AVAR%C9
3504602,Bady Bassitt,Agência Ambiental de São José do Rio Preto,Avenida Floriano André Cabrera,,,Residencial Cidade Jardim - Jardim São Marcos,São José do Rio Preto,15081-490,(17) 3218-4300,(17) 3218-4300,riopreto_cetesb@sp.gov.br,https://licenciamento.cetesb.sp.gov.br/municipioss.asp?muni=BADY%20BASSITT
3504701,Balbinos,Agência Ambiental de Bauru,Avenida Rodrigues Alves,Quadra 38,138,Vila Coralina,Bauru,17030-000,(14) 3203-2058,(14) 3203-2344,bauru_cetesb@sp.gov.br,https://licenciamento.cetesb.sp.gov.br/municipioss.asp?muni=BALBINOS
3504800,Bálsamo,Agência Ambiental de São José do Rio Preto,Avenida Floriano André Cabrera,,,Residencial Cidade Jardim - Jardim São Marcos,São José do Rio Preto,15081-490,(17) 3218-4300,(17) 3218-4300,riopreto_cetesb@sp.gov.br,https://licenciamento.cetesb.sp.gov.br/municipioss.asp?muni=B%C1LSAMO
3504909,Bananal,Agência Ambiental de Taubaté,Avenida Itambé,,38,Santa Luzia,Taubaté,12091-200,(12) 3634-8222,(12) 3634-8234,taubate_cetesb@sp.gov.br,https://licenciamento.cetesb.sp.gov.br/municipioss.asp?muni=BANANAL
3505005,Barão de Antonina,Agência Ambiental de Avaré,Avenida Governador Mário Covas,,525,Vila Industrial,Avaré,18705-851,(14) 3732-4900,,avare_cetesb@sp.gov.br,https://licenciamento.cetesb.sp.gov.br/municipioss.asp?muni=BAR%C3O%20DE%20ANTONINA
3505104,Barbosa,Agência Ambiental de Araçatuba,Rua Tenente Alcides Teodoro dos Santos,,260,Aviação,Araçatuba,16055-557,(18) 3608-8053,(18) 3608-7197,aracatuba_cetesb@sp.gov.br,https://licenciamento.cetesb.sp.gov.br/municipioss.asp?muni=BARBOSA
3505203,Bariri,Agência Ambiental de Bauru,Avenida Rodrigues Alves,Quadra 38,138,Vila Coralina,Bauru,17030-000,(14) 3203-2058,(14) 3203-2344,bauru_cetesb@sp.gov.br,https://licenciamento.cetesb.sp.gov.br/municipioss.asp?muni=BARIRI
3505302,Barra Bonita,Agência Ambiental de Bauru,Avenida Rodrigues Alves,Quadra 38,138,Vila Coralina,Bauru,17030-000,(14) 3203-2058,(14) 3203-2344,bauru_cetesb@sp.gov.br,https://licenciamento.cetesb.sp.gov.br/municipioss.asp?muni=BARRA%20BONITA
3505351,Barra do Chapéu,Agência Ambiental de Capão Bonito,Rua Denise,,131,Terras de Imbirucu,Capão Bonito,18304-700,(15) 3542-3173,(15) 3542-3173,capaobonito_cetesb@sp.gov.br,https://licenciamento.cetesb.sp.gov.br/municipioss.asp?muni=BARRA%20DO%20CHAP%C9U
3505401,Barra do Turvo,Agência Ambiental de Registro,Rua São Bento,,249,Jardim São Nicolau,Registro,11900-000,(13) 3822-3855,(13) 3822-4437,registro_cetesb@sp.gov.br,https://licenciamento.cetesb.sp.gov.br/municipioss.asp?muni=BARRA%20DO%20TURVO
3505500,Barretos,Agência Ambiental de Barretos,Rua 30,,564,Centro,Barretos,14780-120,(17) 3323-1790,,barretos_cetesb@sp.gov.br,https://licenciamento.cetesb.sp.gov.br/municipioss.asp?muni=BARRETOS
3505609,Barrinha,Agência Ambiental de Jaboticabal,Avenida Angelo Morello,,60,Jardim Santa Rosa,Jaboticabal,14875-290,(16) 3203-9400,(16) 3203-9400,jaboticabal_cetesb@sp.gov.br,https://licenciamento.cetesb.sp.gov.br/municipioss.asp?muni=BARRINHA
3505708,Barueri,Agência Ambiental de Osasco,Rua Anete Queiroz Lacerda,,80,Jardim Bonfiglioli,São Paulo,05591-080,(11) 3721-9600,(11) 3721-9600,osasco_cetesb@sp.gov.br,https://licenciamento.cetesb.sp.gov.br/municipioss.asp?muni=BARUERI
3505807,Bastos,Agência Ambiental de Marília,Rua Santa Helena,,436,Jardim Alvorada,Marília,17513-322,(14) 3422-4666,(14) 3422-4666,marilia_cetesb@sp.gov.br,https://licenciamento.cetesb.sp.gov.br/municipioss.asp?muni=BASTOS
3505906,Batatais,Agência Ambiental de Franca,Avenida Dr. Flávio Rocha,,4551,Parque dos Pinhais,Franca,14405-600,(16) 3724-5922,(16) 3724-5922,franca_cetesb@sp.gov.br,https://licenciamento.cetesb.sp.gov.br/municipioss.asp?muni=BATATAIS
3506003,Bauru,Agência Ambiental de Bauru,Avenida Rodrigues Alves,Quadra 38,138,Vila Coralina,Bauru,17030-000,(14) 3203-2058,(14) 3203-2344,bauru_cetesb@sp.gov.br,https://licenciamento.cetesb.sp.gov.br/municipioss.asp?muni=BAURU
3506102,Bebedouro,Agência Ambiental de Barretos,Rua 30,,564,Centro,Barretos,14780-120,(17) 3323-1790,,barretos_cetesb@sp.gov.br,https://licenciamento.cetesb.sp.gov.br/municipioss.asp?muni=BEBEDOURO
3506201,Bento de Abreu,Agência Ambiental de Araçatuba,Rua Tenente Alcides Teodoro dos Santos,,260,Aviação,Araçatuba,16055-557,(18) 3608-8053,(18) 3608-7197,aracatuba_cetesb@sp.gov.br,https://licenciamento.cetesb.sp.gov.br/municipioss.asp?muni=BENTO%20DE%20ABREU
3506300,Bernardino de Campos,Agência Ambiental de Assis,Via Chico Mendes,,75,Quinta dos Flamboyants,Assis,19810-005,(18) 3324-4177,(18) 3324-4177,assis_cetesb@sp.gov.br,https://licenciamento.cetesb.sp.gov.br/municipioss.asp?muni=BERNARDINO%20DE%20CAMPOS
3506359,Bertioga,Agência Ambiental de Cubatão,Rua Salgado Filho,,353,Jardim Costa e Silva,Cubatão,11500-270,(13) 3361-6663,(13) 3361-6743,cubatao_cetesb@sp.gov.br,https://licenciamento.cetesb.sp.gov.br/municipioss.asp?muni=BERTIOGA
3506409,Bilac,Agência Ambiental de Araçatuba,Rua Tenente Alcides Teodoro dos Santos,,260,Aviação,Araçatuba,16055-557,(18) 3608-8053,(18) 3608-7197,aracatuba_cetesb@sp.gov.br,https://licenciamento.cetesb.sp.gov.br/municipioss.asp?muni=BILAC
3506508,Birigui,Agência Ambiental de Araçatuba,Rua Tenente Alcides Teodoro dos Santos,,260,Aviação,Araçatuba,16055-557,(18) 3608-8053,(18) 3608-7197,aracatuba_cetesb@sp.gov.br,https://licenciamento.cetesb.sp.gov.br/municipioss.asp?muni=BIRIGUI
3506607,Biritiba-Mirim,Agência Ambiental de Mogi das Cruzes,Rua Francisco Franco,,133,Centro,Mogi das Cruzes,08710-590,(11) 4723-2130,,mogi_cetesb@sp.gov.br,https://licenciamento.cetesb.sp.gov.br/municipioss.asp?muni=BIRITIBA%20MIRIM
3506706,Boa Esperança do Sul,Agência Ambiental de Araraquara,Avenida Castro Alves,,1271,Carmo,Araraquara,14800-140,(16) 3332-2211,(16) 3332-2211,araraquara_cetesb@sp.gov.br,https://licenciamento.cetesb.sp.gov.br/municipioss.asp?muni=BOA%20ESPERAN%C7A%20DO%20SUL
3506805,Bocaina,Agência Ambiental de Bauru,Avenida Rodrigues Alves,Quadra 38,138,Vila Coralina,Bauru,17030-000,(14) 3203-2058,(14) 3203-2344,bauru_cetesb@sp.gov.br,https://licenciamento.cetesb.sp.gov.br/municipioss.asp?muni=BOCAINA
3506904,Bofete,Agência Ambiental de Botucatu,Rua Lourenço Carmelo,,180,Jardim Paraíso,Botucatu,18610-265,(14) 3882-1134,(14) 3882-1134,botucatu_cetesb@sp.gov.br,https://licenciamento.cetesb.sp.gov.br/municipioss.asp?muni=BOFETE
3507001,Boituva,Agência Ambiental de Itu,Rua Santa Rita,,1165,Centro,Itu,13300-065,(11) 4013-3419,(11) 4013-3419,itu_cetesb@sp.gov.br,https://licenciamento.cetesb.sp.gov.br/municipioss.asp?muni=BOITUVA
3507100,Bom Jesus dos Perdões,Agência Ambiental de Atibaia,Rua Castro Fafe,,295,Centro,Atibaia,12940-440,(11) 4411-6466,(11) 4411-6466,atibaia_cetesb@sp.gov.br,https://licenciamento.cetesb.sp.gov.br/municipioss.asp?muni=BOM%20JESUS%20DOS%20PERD%D5ES
3507159,Bom Sucesso de Itararé,Agência Ambiental de Capão Bonito,Rua Denise,,131,Terras de Imbirucu,Capão Bonito,18304-700,(15) 3542-3173,(15) 3542-3173,capaobonito_cetesb@sp.gov.br,https://licenciamento.cetesb.sp.gov.br/municipioss.asp?muni=BOM%20SUCESSO%20DE%20ITARAR%C9
3507209,Borá,Agência Ambiental de Assis,Via Chico Mendes,,75,Quinta dos Flamboyants,Assis,19810-005,(18) 3324-4177,(18) 3324-4177,assis_cetesb@sp.gov.br,https://licenciamento.cetesb.sp.gov.br/municipioss.asp?muni=BOR%C1
3507308,Boracéia,Agência Ambiental de Bauru,Avenida Rodrigues Alves,Quadra 38,138,Vila Coralina,Bauru,17030-000,(14) 3203-2058,(14) 3203-2344,bauru_cetesb@sp.gov.br,https://licenciamento.cetesb.sp.gov.br/municipioss.asp?muni=BORAC%C9IA
3507407,Borborema,Agência Ambiental de Araraquara,Avenida Castro Alves,,1271,Carmo,Araraquara,14800-140,(16) 3332-2211,(16) 3332-2211,araraquara_cetesb@sp.gov.br,https://licenciamento.cetesb.sp.gov.br/municipioss.asp?muni=BORBOREMA
3507456,Borebi,Agência Ambiental de Bauru,Avenida Rodrigues Alves,Quadra 38,138,Vila Coralina,Bauru,17030-000,(14) 3203-2058,(14) 3203-2344,bauru_cetesb@sp.gov.br,https://licenciamento.cetesb.sp.gov.br/municipioss.asp?muni=BOREBI
3507506,Botucatu,Agência Ambiental de Botucatu,Rua Lourenço Carmelo,,180,Jardim Paraíso,Botucatu,18610-265,(14) 3882-1134,(14) 3882-1134,botucatu_cetesb@sp.gov.br,https://licenciamento.cetesb.sp.gov.br/municipioss.asp?muni=BOTUCATU
3507605,Bragança Paulista,Agência Ambiental de Atibaia,Rua Castro Fafe,,295,Centro,Atibaia,12940-440,(11) 4411-6466,(11) 4411-6466,atibaia_cetesb@sp.gov.br,https://licenciamento.cetesb.sp.gov.br/municipioss.asp?muni=BRAGAN%C7A%20PAULISTA
3507704,Braúna,Agência Ambiental de Araçatuba,Rua Tenente Alcides Teodoro dos Santos,,260,Aviação,Araçatuba,16055-557,(18) 3608-8053,(18) 3608-7197,aracatuba_cetesb@sp.gov.br,https://licenciamento.cetesb.sp.gov.br/municipioss.asp?muni=BRA%DANA
3507753,Brejo Alegre,Agência Ambiental de Araçatuba,Rua Tenente Alcides Teodoro dos Santos,,260,Aviação,Araçatuba,16055-557,(18) 3608-8053,(18) 3608-7197,aracatuba_cetesb@sp.gov.br,https://licenciamento.cetesb.sp.gov.br/municipioss.asp?muni=BREJO%20ALEGRE
3507803,Brodowski,Agência Ambiental de Ribeirão Preto,Avenida Presidente Kennedy,,1760,Ribeirânia,Ribeirão Preto,14096-350,(16) 3617-4700,(16) 3617-4207,ribeirao_cetesb@sp.gov.br,https://licenciamento.cetesb.sp.gov.br/municipioss.asp?muni=BRODOWSKI
3507902,Brotas,Agência Ambiental de São Carlos,Avenida das Azaléias,,700,Cidade Jardim,São Carlos,13566-500,(16) 3361-2004,(16) 3361-2004,saocarlos_cetesb@sp.gov.br,https://licenciamento.cetesb.sp.gov.br/municipioss.asp?muni=BROTAS
3508009,Buri,Agência Ambiental de Capão Bonito,Rua Denise,,131,Terras de Imbirucu,Capão Bonito,18304-700,(15) 3542-3173,(15) 3542-3173,capaobonito_cetesb@sp.gov.br,https://licenciamento.cetesb.sp.gov.br/municipioss.asp?muni=BURI
3508108,Buritama,Agência Ambiental de Araçatuba,Rua Tenente Alcides Teodoro dos Santos,,260,Aviação,Araçatuba,16055-557,(18) 3608-8053,(18) 3608-7197,aracatuba_cetesb@sp.gov.br,https://licenciamento.cetesb.sp.gov.br/municipioss.asp?muni=BURITAMA
3508207,Buritizal,Agência Ambiental de Franca,Avenida Dr. Flávio Rocha,,4551,Parque dos Pinhais,Franca,14405-600,(16) 3724-5922,(16) 3724-5922,franca_cetesb@sp.gov.br,https://licenciamento.cetesb.sp.gov.br/municipioss.asp?muni=BURITIZAL
3508306,Cabrália Paulista,Agência Ambiental de Bauru,Avenida Rodrigues Alves,Quadra 38,138,Vila Coralina,Bauru,17030-000,(14) 3203-2058,(14) 3203-2344,bauru_cetesb@sp.gov.br,https://licenciamento.cetesb.sp.gov.br/municipioss.asp?muni=CABR%C1LIA%20PAULISTA
3508405,Cabreúva,Agência Ambiental de Jundiaí,Rua João Ferrara,,555,Jardim Pitangueiras II,Jundiaí,13206-714,(11) 4817-1898,(11) 4587-3597,jundiai_cetesb@sp.gov.br,https://licenciamento.cetesb.sp.gov.br/municipioss.asp?muni=CABRE%DAVA
3508504,Caçapava,Agência Ambiental de São José dos Campos,Avenida Olivo Gomes,,100,Parque da Cidade/Santana,São José dos Campos,12211-115,(12) 3911-9536,(12) 3911-9536,sjcampos_cetesb@sp.gov.br,https://licenciamento.cetesb.sp.gov.br/municipioss.asp?muni=CA%C7APAVA
3508603,Cachoeira Paulista,Agência Ambiental de Taubaté,Avenida Itambé,,38,Santa Luzia,Taubaté,12091-200,(12) 3634-8222,(12) 3634-8234,taubate_cetesb@sp.gov.br,https://licenciamento.cetesb.sp.gov.br/municipioss.asp?muni=CACHOEIRA%20PAULISTA
3508702,Caconde,Agência Ambiental de São João da Boa Vista,Rua Marechal Deodoro,,345,Centro,São João da Boa Vista,13870-223,(19) 3633-1510,(19) 3633-1510,sjboavista_cetesb@sp.gov.br,https://licenciamento.cetesb.sp.gov.br/municipioss.asp?muni=CACONDE
3508801,Cafelândia,Agência Ambiental de Marília,Rua Santa Helena,,436,Jardim Alvorada,Marília,17513-322,(14) 3422-4666,(14) 3422-4666,marilia_cetesb@sp.gov.br,https://licenciamento.cetesb.sp.gov.br/municipioss.asp?muni=CAFEL%C2NDIA
3508900,Caiabu,Agência Ambiental de Presidente Prudente,Rua João Gonçalves Foz,,1736A,Jardim das Rosas,Presidente Prudente,19060-050,(18) 3223-5001,,prudente_cetesb@sp.gov.br,https://licenciamento.cetesb.sp.gov.br/municipioss.asp?muni=CAIABU
3509007,Caieiras,Agência Ambiental de Santana,Rua Luis Carlos Gentile de Laet,,553,Horto Florestal,São Paulo,02378-000,(11) 2203-2700,(11) 2203-2700,santana_cetesb@sp.gov.br,https://licenciamento.cetesb.sp.gov.br/municipioss.asp?muni=CAIEIRAS
3509106,Caiuá,Agência Ambiental de Presidente Prudente,Rua João Gonçalves Foz,,1736A,Jardim das Rosas,Presidente Prudente,19060-050,(18) 3223-5001,,prudente_cetesb@sp.gov.br,https://licenciamento.cetesb.sp.gov.br/municipioss.asp?muni=CAIU%C1
3509205,Cajamar,Agência Ambiental de Osasco,Rua Anete Queiroz Lacerda,,80,Jardim Bonfiglioli,São Paulo,05591-080,(11) 3721-9600,(11) 3721-9600,osasco_cetesb@sp.gov.br,https://licenciamento.cetesb.sp.gov.br/municipioss.asp?muni=CAJAMAR
3509254,Cajati,Agência Ambiental de Registro,Rua São Bento,,249,Jardim São Nicolau,Registro,11900-000,(13) 3822-3855,(13) 3822-4437,registro_cetesb@sp.gov.br,https://licenciamento.cetesb.sp.gov.br/municipioss.asp?muni=CAJATI
3509304,Cajobi,Agência Ambiental de Barretos,Rua 30,,564,Centro,Barretos,14780-120,(17) 3323-1790,,barretos_cetesb@sp.gov.br,https://licenciamento.cetesb.sp.gov.br/municipioss.asp?muni=CAJOBI
3509403,Cajuru,Agência Ambiental de Ribeirão Preto,Avenida Presidente Kennedy,,1760,Ribeirânia,Ribeirão Preto,14096-350,(16) 3617-4700,(16) 3617-4207,ribeirao_cetesb@sp.gov.br,https://licenciamento.cetesb.sp.gov.br/municipioss.asp?muni=CAJURU
3509452,Campina do Monte Alegre,Agência Ambiental de Itapetininga,Rua General Carneiro,,196,Centro,Itapetininga,18200-024,(15) 3272-2888,(15) 3272-2891,itapetininga_cetesb@sp.gov.br,https://licenciamento.cetesb.sp.gov.br/municipioss.asp?muni=CAMPINA%20DO%20MONTE%20ALEGRE
3509502,Campinas,Agência Ambiental de Campinas,Avenida Brasil,,2340,Jardim Chapadão,Campinas,13070-178,(19) 3241-1744,,campinas_cetesb@sp.gov.br,https://licenciamento.cetesb.sp.gov.br/municipioss.asp?muni=CAMPINAS
3509601,Campo Limpo Paulista,Agência Ambiental de Jundiaí,Rua João Ferrara,,555,Jardim Pitangueiras II,Jundiaí,13206-714,(11) 4817-1898,(11) 4587-3597,jundiai_cetesb@sp.gov.br,https://licenciamento.cetesb.sp.gov.br/municipioss.asp?muni=CAMPO%20LIMPO%20PAULISTA
3509700,Campos do Jordão,Agência Ambiental de Taubaté,Avenida Itambé,,38,Santa Luzia,Taubaté,12091-200,(12) 3634-8222,(12) 3634-8234,taubate_cetesb@sp.gov.br,https://licenciamento.cetesb.sp.gov.br/municipioss.asp?muni=CAMPOS%20DO%20JORD%C3O
3509809,Campos Novos Paulista,Agência Ambiental de Assis,Via Chico Mendes,,75,Quinta dos Flamboyants,Assis,19810-005,(18) 3324-4177,(18) 3324-4177,assis_cetesb@sp.gov.br,https://licenciamento.cetesb.sp.gov.br/municipioss.asp?muni=CAMPOS%20NOVOS%20PAULISTA
3509908,Cananéia,Agência Ambiental de Registro,Rua São Bento,,249,Jardim São Nicolau,Registro,11900-000,(13) 3822-3855,(13) 3822-4437,registro_cetesb@sp.gov.br,https://licenciamento.cetesb.sp.gov.br/municipioss.asp?muni=CANAN%C9IA
3509957,Canas,Agência Ambiental de Taubaté,Avenida Itambé,,38,Santa Luzia,Taubaté,12091-200,(12) 3634-8222,(12) 3634-8234,taubate_cetesb@sp.gov.br,https://licenciamento.cetesb.sp.gov.br/municipioss.asp?muni=CANAS
3510005,Cândido Mota,Agência Ambiental de Assis,Via Chico Mendes,,75,Quinta dos Flamboyants,Assis,19810-005,(18) 3324-4177,(18) 3324-4177,assis_cetesb@sp.gov.br,https://licenciamento.cetesb.sp.gov.br/municipioss.asp?muni=C%C2NDIDO%20MOTA
3510104,Cândido Rodrigues,Agência Ambiental de Jaboticabal,Avenida Angelo Morello,,60,Jardim Santa Rosa,Jaboticabal,14875-290,(16) 3203-9400,(16) 3203-9400,jaboticabal_cetesb@sp.gov.br,https://licenciamento.cetesb.sp.gov.br/municipioss.asp?muni=C%C2NDIDO%20RODRIGUES
3510153,Canitar,Agência Ambiental de Assis,Via Chico Mendes,,75,Quinta dos Flamboyants,Assis,19810-005,(18) 3324-4177,(18) 3324-4177,assis_cetesb@sp.gov.br,https://licenciamento.cetesb.sp.gov.br/municipioss.asp?muni=CANITAR
3510203,Capão Bonito,Agência Ambiental de Capão Bonito,Rua Denise,,131,Terras de Imbirucu,Capão Bonito,18304-700,(15) 3542-3173,(15) 3542-3173,capaobonito_cetesb@sp.gov.br,https://licenciamento.cetesb.sp.gov.br/municipioss.asp?muni=CAP%C3O%20BONITO
3510302,Capela do Alto,Agência Ambiental de Sorocaba,Rua Epitácio Pessoa,,269,Além Ponte,Sorocaba,18013-190,(15) 3222-2065,(15) 3222-2065,sorocaba_cetesb@sp.gov.br,https://licenciamento.cetesb.sp.gov.br/municipioss.asp?muni=CAPELA%20DO%20ALTO
3510401,Capivari,Agência Ambiental de Campinas,Avenida Brasil,,2340,Jardim Chapadão,Campinas,13070-178,(19) 3241-1744,,campinas_cetesb@sp.gov.br,https://licenciamento.cetesb.sp.gov.br/municipioss.asp?muni=CAPIVARI
3510500,Caraguatatuba,Agência Ambiental de São Sebastião,Rua Francisco da Cruz Maldonado,,132,Portal da Olaria,São Sebastião,11600-000,(12) 3862-2300,(12) 3862-2300,ssebastiao_cetesb@sp.gov.br,https://licenciamento.cetesb.sp.gov.br/municipioss.asp?muni=CARAGUATATUBA
3510609,Carapicuíba,Agência Ambiental de Osasco,Rua Anete Queiroz Lacerda,,80,Jardim Bonfiglioli,São Paulo,05591-080,(11) 3721-9600,(11) 3721-9600,osasco_cetesb@sp.gov.br,https://licenciamento.cetesb.sp.gov.br/municipioss.asp?muni=CARAPICU%CDBA
3510708,Cardoso,Agência Ambiental de Votuporanga,Avenida Deputado Aureo Ferreira,,1724,Vila Paes,Votuporanga,15500-112,(17) 3421-4004,(17) 3421-4004,votuporanga_cetesb@sp.gov.br,https://licenciamento.cetesb.sp.gov.br/municipioss.asp?muni=CARDOSO
3510807,Casa Branca,Agência Ambiental de São João da Boa Vista,Rua Marechal Deodoro,,345,Centro,São João da Boa Vista,13870-223,(19) 3633-1510,(19) 3633-1510,sjboavista_cetesb@sp.gov.br,https://licenciamento.cetesb.sp.gov.br/municipioss.asp?muni=CASA%20BRANCA
3510906,Cássia dos Coqueiros,Agência Ambiental de Ribeirão Preto,Avenida Presidente Kennedy,,1760,Ribeirânia,Ribeirão Preto,14096-350,(16) 3617-4700,(16) 3617-4207,ribeirao_cetesb@sp.gov.br,https://licenciamento.cetesb.sp.gov.br/municipioss.asp?muni=C%C1SSIA%20DOS%20COQUEIROS
3511003,Castilho,Agência Ambiental de Dracena,Rua Tomé de Souza,,438,Centro,Dracena,17900-000,(18) 3822-3166,(18) 3822-3166,dracena_cetesb@sp.gov.br,https://licenciamento.cetesb.sp.gov.br/municipioss.asp?muni=CASTILHO
3511102,Catanduva,Agência Ambiental de São José do Rio Preto,Avenida Floriano André Cabrera,,,Residencial Cidade Jardim - Jardim São Marcos,São José do Rio Preto,15081-490,(17) 3218-4300,(17) 3218-4300,riopreto_cetesb@sp.gov.br,https://licenciamento.cetesb.sp.gov.br/municipioss.asp?muni=CATANDUVA
3511201,Catiguá,Agência Ambiental de São José do Rio Preto,Avenida Floriano André Cabrera,,,Residencial Cidade Jardim - Jardim São Marcos,São José do Rio Preto,15081-490,(17) 3218-4300,(17) 3218-4300,riopreto_cetesb@sp.gov.br,https://licenciamento.cetesb.sp.gov.br/municipioss.asp?muni=CATIGU%C1
3511300,Cedral,Agência Ambiental de São José do Rio Preto,Avenida Floriano André Cabrera,,,Residencial Cidade Jardim - Jardim São Marcos,São José do Rio Preto,15081-490,(17) 3218-4300,(17) 3218-4300,riopreto_cetesb@sp.gov.br,https://licenciamento.cetesb.sp.gov.br/municipioss.asp?muni=CEDRAL
3511409,Cerqueira César,Agência Ambiental de Avaré,Avenida Governador Mário Covas,,525,Vila Industrial,Avaré,18705-851,(14) 3732-4900,,avare_cetesb@sp.gov.br,https://licenciamento.cetesb.sp.gov.br/municipioss.asp?muni=CERQUEIRA%20C%C9SAR
3511508,Cerquilho,Agência Ambiental de Itu,Rua Santa Rita,,1165,Centro,Itu,13300-065,(11) 4013-3419,(11) 4013-3419,itu_cetesb@sp.gov.br,https://licenciamento.cetesb.sp.gov.br/municipioss.asp?muni=CERQUILHO
3511607,Cesário Lange,Agência Ambiental de Botucatu,Rua Lourenço Carmelo,,180,Jardim Paraíso,Botucatu,18610-265,(14) 3882-1134,(14) 3882-1134,botucatu_cetesb@sp.gov.br,https://licenciamento.cetesb.sp.gov.br/municipioss.asp?muni=CES%C1RIO%20LANGE
3511706,Charqueada,Agência Ambiental de Piracicaba,Rua do Rosário,,566,Centro,Piracicaba,13400-183,(19) 3402-6863,(19) 3402-6863,piracicaba_cetesb@sp.gov.br,https://licenciamento.cetesb.sp.gov.br/municipioss.asp?muni=CHARQUEADA
3557204,Chavantes,Agência Ambiental de Assis,Via Chico Mendes,,75,Quinta dos Flamboyants,Assis,19810-005,(18) 3324-4177,(18) 3324-4177,assis_cetesb@sp.gov.br,https://licenciamento.cetesb.sp.gov.br/municipioss.asp?muni=CHAVANTES
3511904,Clementina,Agência Ambiental de Araçatuba,Rua Tenente Alcides Teodoro dos Santos,,260,Aviação,Araçatuba,16055-557,(18) 3608-8053,(18) 3608-7197,aracatuba_cetesb@sp.gov.br,https://licenciamento.cetesb.sp.gov.br/municipioss.asp?muni=CLEMENTINA
3512001,Colina,Agência Ambiental de Barretos,Rua 30,,564,Centro,Barretos,14780-120,(17) 3323-1790,,barretos_cetesb@sp.gov.br,https://licenciamento.cetesb.sp.gov.br/municipioss.asp?muni=COLINA
3512100,Colômbia,Agência Ambiental de Barretos,Rua 30,,564,Centro,Barretos,14780-120,(17) 3323-1790,,barretos_cetesb@sp.gov.br,https://licenciamento.cetesb.sp.gov.br/municipioss.asp?muni=COL%D4MBIA
3512209,Conchal,Agência Ambiental de Mogi Guaçu,Rua Hugo Pancieira,,400,Pedregulhal,Mogi Guaçu,13845-190,(19) 3818-0396,(19) 3818-0396,mogiguacu_cetesb@sp.gov.br,https://licenciamento.cetesb.sp.gov.br/municipioss.asp?muni=CONCHAL
3512308,Conchas,Agência Ambiental de Botucatu,Rua Lourenço Carmelo,,180,Jardim Paraíso,Botucatu,18610-265,(14) 3882-1134,(14) 3882-1134,botucatu_cetesb@sp.gov.br,https://licenciamento.cetesb.sp.gov.br/municipioss.asp?muni=CONCHAS
3512407,Cordeirópolis,Agência Ambiental de Limeira,Avenida Vitório Bortolan,,1450,Parque Abílio Pedro,Limeira,13483-132,(19) 3451-6203,(19) 3451-6203,limeira_cetesb@sp.gov.br,https://licenciamento.cetesb.sp.gov.br/municipioss.asp?muni=CORDEIR%D3POLIS
3512506,Coroados,Agência Ambiental de Araçatuba,Rua Tenente Alcides Teodoro dos Santos,,260,Aviação,Araçatuba,16055-557,(18) 3608-8053,(18) 3608-7197,aracatuba_cetesb@sp.gov.br,https://licenciamento.cetesb.sp.gov.br/municipioss.asp?muni=COROADOS
3512605,Coronel Macedo,Agência Ambiental de Avaré,Avenida Governador Mário Covas,,525,Vila Industrial,Avaré,18705-851,(14) 3732-4900,,avare_cetesb@sp.gov.br,https://licenciamento.cetesb.sp.gov.br/municipioss.asp?muni=CORONEL%20MACEDO
3512704,Corumbataí,Agência Ambiental de Piracicaba,Rua do Rosário,,566,Centro,Piracicaba,13400-183,(19) 3402-6863,(19) 3402-6863,piracicaba_cetesb@sp.gov.br,https://licenciamento.cetesb.sp.gov.br/municipioss.asp?muni=CORUMBATA%CD
3512803,Cosmópolis,Agência Ambiental de Limeira,Avenida Vitório Bortolan,,1450,Parque Abílio Pedro,Limeira,13483-132,(19) 3451-6203,(19) 3451-6203,limeira_cetesb@sp.gov.br,https://licenciamento.cetesb.sp.gov.br/municipioss.asp?muni=COSM%D3POLIS
3512902,Cosmorama,Agência Ambiental de Votuporanga,Avenida Deputado Aureo Ferreira,,1724,Vila Paes,Votuporanga,15500-112,(17) 3421-4004,(17) 3421-4004,votuporanga_cetesb@sp.gov.br,https://licenciamento.cetesb.sp.gov.br/municipioss.asp?muni=COSMORAMA
3513009,Cotia,Agência Ambiental de Embu das Artes,Avenida João Paulo I,,495,Jardim São Luiz,Embu das Artes,06816-550,(11) 4704-8835,(11) 4704-8835,embu_cetesb@sp.gov.br,https://licenciamento.cetesb.sp.gov.br/municipioss.asp?muni=COTIA
3513108,Cravinhos,Agência Ambiental de Ribeirão Preto,Avenida Presidente Kennedy,,1760,Ribeirânia,Ribeirão Preto,14096-350,(16) 3617-4700,(16) 3617-4207,ribeirao_cetesb@sp.gov.br,https://licenciamento.cetesb.sp.gov.br/municipioss.asp?muni=CRAVINHOS
3513207,Cristais Paulista,Agência Ambiental de Franca,Avenida Dr. Flávio Rocha,,4551,Parque dos Pinhais,Franca,14405-600,(16) 3724-5922,(16) 3724-5922,franca_cetesb@sp.gov.br,https://licenciamento.cetesb.sp.gov.br/municipioss.asp?muni=CRISTAIS%20PAULISTA
3513306,Cruzália,Agência Ambiental de Assis,Via Chico Mendes,,75,Quinta dos Flamboyants,Assis,19810-005,(18) 3324-4177,(18) 3324-4177,assis_cetesb@sp.gov.br,https://licenciamento.cetesb.sp.gov.br/municipioss.asp?muni=CRUZ%C1LIA
3513405,Cruzeiro,Agência Ambiental de Taubaté,Avenida Itambé,,38,Santa Luzia,Taubaté,12091-200,(12) 3634-8222,(12) 3634-8234,taubate_cetesb@sp.gov.br,https://licenciamento.cetesb.sp.gov.br/municipioss.asp?muni=CRUZEIRO
3513504,Cubatão,Agência Ambiental de Cubatão,Rua Salgado Filho,,353,Jardim Costa e Silva,Cubatão,11500-270,(13) 3361-6663,(13) 3361-6743,cubatao_cetesb@sp.gov.br,https://licenciamento.cetesb.sp.gov.br/municipioss.asp?muni=CUBAT%C3O
3513603,Cunha,Agência Ambiental de Taubaté,Avenida Itambé,,38,Santa Luzia,Taubaté,12091-200,(12) 3634-8222,(12) 3634-8234,taubate_cetesb@sp.gov.br,https://licenciamento.cetesb.sp.gov.br/municipioss.asp?muni=CUNHA
3513702,Descalvado,Agência Ambiental de São Carlos,Avenida das Azaléias,,700,Cidade Jardim,São Carlos,13566-500,(16) 3361-2004,(16) 3361-2004,saocarlos_cetesb@sp.gov.br,https://licenciamento.cetesb.sp.gov.br/municipioss.asp?muni=DESCALVADO
3513801,Diadema,Agência Ambiental do ABC II,Rua dos Vianas,,625,Baeta Neves,São Bernardo do Campo,09760-040,(11) 4123-4555,(11) 4123-4555,abc2_cetesb@sp.gov.br,https://licenciamento.cetesb.sp.gov.br/municipioss.asp?muni=DIADEMA
3513850,Dirce Reis,Agência Ambiental de Jales,Rua Nova Iorque,,1016,Jardim Monterey,Jales,15703-326,(17) 3621-1042,(17) 3621-1042,jales_cetesb@sp.gov.br,https://licenciamento.cetesb.sp.gov.br/municipioss.asp?muni=DIRCE%20REIS
3513900,Divinolândia,Agência Ambiental de São João da Boa Vista,Rua Marechal Deodoro,,345,Centro,São João da Boa Vista,13870-223,(19) 3633-1510,(19) 3633-1510,sjboavista_cetesb@sp.gov.br,https://licenciamento.cetesb.sp.gov.br/municipioss.asp?muni=DIVINOL%C2NDIA
3514007,Dobrada,Agência Ambiental de Araraquara,Avenida Castro Alves,,1271,Carmo,Araraquara,14800-140,(16) 3332-2211,(16) 3332-2211,araraquara_cetesb@sp.gov.br,https://licenciamento.cetesb.sp.gov.br/municipioss.asp?muni=DOBRADA
3514106,Dois Córregos,Agência Ambiental de Bauru,Avenida Rodrigues Alves,Quadra 38,138,Vila Coralina,Bauru,17030-000,(14) 3203-2058,(14) 3203-2344,bauru_cetesb@sp.gov.br,https://licenciamento.cetesb.sp.gov.br/municipioss.asp?muni=DOIS%20C%D3RREGOS
3514205,Dolcinópolis,Agência Ambiental de Jales,Rua Nova Iorque,,1016,Jardim Monterey,Jales,15703-326,(17) 3621-1042,(17) 3621-1042,jales_cetesb@sp.gov.br,https://licenciamento.cetesb.sp.gov.br/municipioss.asp?muni=DOLCIN%D3POLIS
3514304,Dourado,Agência Ambiental de São Carlos,Avenida das Azaléias,,700,Cidade Jardim,São Carlos,13566-500,(16) 3361-2004,(16) 3361-2004,saocarlos_cetesb@sp.gov.br,https://licenciamento.cetesb.sp.gov.br/municipioss.asp?muni=DOURADO
3514403,Dracena,Agência Ambiental de Dracena,Rua Tomé de Souza,,438,Centro,Dracena,17900-000,(18) 3822-3166,(18) 3822-3166,dracena_cetesb@sp.gov.br,https://licenciamento.cetesb.sp.gov.br/municipioss.asp?muni=DRACENA
3514502,Duartina,Agência Ambiental de Bauru,Avenida Rodrigues Alves,Quadra 38,138,Vila Coralina,Bauru,17030-000,(14) 3203-2058,(14) 3203-2344,bauru_cetesb@sp.gov.br,https://licenciamento.cetesb.sp.gov.br/municipioss.asp?muni=DUARTINA
3514601,Dumont,Agência Ambiental de Jaboticabal,Avenida Angelo Morello,,60,Jardim Santa Rosa,Jaboticabal,14875-290,(16) 3203-9400,(16) 3203-9400,jaboticabal_cetesb@sp.gov.br,https://licenciamento.cetesb.sp.gov.br/municipioss.asp?muni=DUMONT
3514700,Echaporã,Agência Ambiental de Assis,Via Chico Mendes,,75,Quinta dos Flamboyants,Assis,19810-005,(18) 3324-4177,(18) 3324-4177,assis_cetesb@sp.gov.br,https://licenciamento.cetesb.sp.gov.br/municipioss.asp?muni=ECHAPOR%C3
3514809,Eldorado,Agência Ambiental de Registro,Rua São Bento,,249,Jardim São Nicolau,Registro,11900-000,(13) 3822-3855,(13) 3822-4437,registro_cetesb@sp.gov.br,https://licenciamento.cetesb.sp.gov.br/municipioss.asp?muni=ELDORADO
3514908,Elias Fausto,Agência Ambiental de Campinas,Avenida Brasil,,2340,Jardim Chapadão,Campinas,13070-178,(19) 3241-1744,,campinas_cetesb@sp.gov.br,https://licenciamento.cetesb.sp.gov.br/municipioss.asp?muni=ELIAS%20FAUSTO
3514924,Elisiário,Agência Ambiental de São José do Rio Preto,Avenida Floriano André Cabrera,,,Residencial Cidade Jardim - Jardim São Marcos,São José do Rio Preto,15081-490,(17) 3218-4300,(17) 3218-4300,riopreto_cetesb@sp.gov.br,https://licenciamento.cetesb.sp.gov.br/municipioss.asp?muni=ELISI%C1RIO
3514957,Embaúba,Agência Ambiental de Barretos,Rua 30,,564,Centro,Barretos,14780-120,(17) 3323-1790,,barretos_cetesb@sp.gov.br,https://licenciamento.cetesb.sp.gov.br/municipioss.asp?muni=EMBA%DABA
3515004,Embu das Artes,Agência Ambiental de Embu das Artes,Avenida João Paulo I,,495,Jardim São Luiz,Embu das Artes,06816-550,(11) 4704-8835,(11) 4704-8835,embu_cetesb@sp.gov.br,https://licenciamento.cetesb.sp.gov.br/municipioss.asp?muni=EMBU%20DAS%20ARTES
3515103,Embu-Guaçu,Agência Ambiental de Embu das Artes,Avenida João Paulo I,,495,Jardim São Luiz,Embu das Artes,06816-550,(11) 4704-8835,(11) 4704-8835,embu_cetesb@sp.gov.br,https://licenciamento.cetesb.sp.gov.br/municipioss.asp?muni=EMBU-GUA%C7U
3515129,Emilianópolis,Agência Ambiental de Presidente Prudente,Rua João Gonçalves Foz,,1736A,Jardim das Rosas,Presidente Prudente,19060-050,(18) 3223-5001,,prudente_cetesb@sp.gov.br,https://licenciamento.cetesb.sp.gov.br/municipioss.asp?muni=EMILIAN%D3POLIS
3515152,Engenheiro Coelho,Agência Ambiental de Mogi Guaçu,Rua Hugo Pancieira,,400,Pedregulhal,Mogi Guaçu,13845-190,(19) 3818-0396,(19) 3818-0396,mogiguacu_cetesb@sp.gov.br,https://licenciamento.cetesb.sp.gov.br/municipioss.asp?muni=ENGENHEIRO%20COELHO
3515186,Espírito Santo do Pinhal,Agência Ambiental de São João da Boa Vista,Rua Marechal Deodoro,,345,Centro,São João da Boa Vista,13870-223,(19) 3633-1510,(19) 3633-1510,sjboavista_cetesb@sp.gov.br,https://licenciamento.cetesb.sp.gov.br/municipioss.asp?muni=ESP%CDRITO%20SANTO%20DO%20PINHAL
3515194,Espírito Santo do Turvo,Agência Ambiental de Assis,Via Chico Mendes,,75,Quinta dos Flamboyants,Assis,19810-005,(18) 3324-4177,(18) 3324-4177,assis_cetesb@sp.gov.br,https://licenciamento.cetesb.sp.gov.br/municipioss.asp?muni=ESP%CDRITO%20SANTO%20DO%20TURVO
3557303,Estiva Gerbi,Agência Ambiental de Mogi Guaçu,Rua Hugo Pancieira,,400,Pedregulhal,Mogi Guaçu,13845-190,(19) 3818-0396,(19) 3818-0396,mogiguacu_cetesb@sp.gov.br,https://licenciamento.cetesb.sp.gov.br/municipioss.asp?muni=ESTIVA%20GERBI
3515301,Estrela do Norte,Agência Ambiental de Presidente Prudente,Rua João Gonçalves Foz,,1736A,Jardim das Rosas,Presidente Prudente,19060-050,(18) 3223-5001,,prudente_cetesb@sp.gov.br,https://licenciamento.cetesb.sp.gov.br/municipioss.asp?muni=ESTRELA%20DO%20NORTE
3515202,Estrela d'Oeste,Agência Ambiental de Jales,Rua Nova Iorque,,1016,Jardim Monterey,Jales,15703-326,(17) 3621-1042,(17) 3621-1042,jales_cetesb@sp.gov.br,https://licenciamento.cetesb.sp.gov.br/municipioss.asp?muni=ESTRELA%20D%60OESTE
3515350,Euclides da Cunha Paulista,Agência Ambiental de Presidente Prudente,Rua João Gonçalves Foz,,1736A,Jardim das Rosas,Presidente Prudente,19060-050,(18) 3223-5001,,prudente_cetesb@sp.gov.br,https://licenciamento.cetesb.sp.gov.br/municipioss.asp?muni=EUCLIDES%20DA%20CUNHA%20PAULISTA
3515400,Fartura,Agência Ambiental de Avaré,Avenida Governador Mário Covas,,525,Vila Industrial,Avaré,18705-851,(14) 3732-4900,,avare_cetesb@sp.gov.br,https://licenciamento.cetesb.sp.gov.br/municipioss.asp?muni=FARTURA
3515608,Fernando Prestes,Agência Ambiental de Jaboticabal,Avenida Angelo Morello,,60,Jardim Santa Rosa,Jaboticabal,14875-290,(16) 3203-9400,(16) 3203-9400,jaboticabal_cetesb@sp.gov.br,https://licenciamento.cetesb.sp.gov.br/municipioss.asp?muni=FERNANDO%20PRESTES
3515509,Fernandópolis,Agência Ambiental de Jales,Rua Nova Iorque,,1016,Jardim Monterey,Jales,15703-326,(17) 3621-1042,(17) 3621-1042,jales_cetesb@sp.gov.br,https://licenciamento.cetesb.sp.gov.br/municipioss.asp?muni=FERNAND%D3POLIS
3515657,Fernão,Agência Ambiental de Marília,Rua Santa Helena,,436,Jardim Alvorada,Marília,17513-322,(14) 3422-4666,(14) 3422-4666,marilia_cetesb@sp.gov.br,https://licenciamento.cetesb.sp.gov.br/municipioss.asp?muni=FERN%C3O
3515707,Ferraz de Vasconcelos,Agência Ambiental de Mogi das Cruzes,Rua Francisco Franco,,133,Centro,Mogi das Cruzes,08710-590,(11) 4723-2130,,mogi_cetesb@sp.gov.br,https://licenciamento.cetesb.sp.gov.br/municipioss.asp?muni=FERRAZ%20DE%20VASCONCELOS
3515806,Flora Rica,Agência Ambiental de Dracena,Rua Tomé de Souza,,438,Centro,Dracena,17900-000,(18) 3822-3166,(18) 3822-3166,dracena_cetesb@sp.gov.br,https://licenciamento.cetesb.sp.gov.br/municipioss.asp?muni=FLORA%20RICA
3515905,Floreal,Agência Ambiental de Votuporanga,Avenida Deputado Aureo Ferreira,,1724,Vila Paes,Votuporanga,15500-112,(17) 3421-4004,(17) 3421-4004,votuporanga_cetesb@sp.gov.br,https://licenciamento.cetesb.sp.gov.br/municipioss.asp?muni=FLOREAL
3516002,Flórida Paulista,Agência Ambiental de Dracena,Rua Tomé de Souza,,438,Centro,Dracena,17900-000,(18) 3822-3166,(18) 3822-3166,dracena_cetesb@sp.gov.br,https://licenciamento.cetesb.sp.gov.br/municipioss.asp?muni=FL%D3RIDA%20PAULISTA
3516101,Florínea,Agência Ambiental de Assis,Via Chico Mendes,,75,Quinta dos Flamboyants,Assis,19810-005,(18) 3324-4177,(18) 3324-4177,assis_cetesb@sp.gov.br,https://licenciamento.cetesb.sp.gov.br/municipioss.asp?muni=FLOR%CDNEA
3516200,Franca,Agência Ambiental de Franca,Avenida Dr. Flávio Rocha,,4551,Parque dos Pinhais,Franca,14405-600,(16) 3724-5922,(16) 3724-5922,franca_cetesb@sp.gov.br,https://licenciamento.cetesb.sp.gov.br/municipioss.asp?muni=FRANCA
3516309,Francisco Morato,Agência Ambiental de Santana,Rua Luis Carlos Gentile de Laet,,553,Horto Florestal,São Paulo,02378-000,(11) 2203-2700,(11) 2203-2700,santana_cetesb@sp.gov.br,https://licenciamento.cetesb.sp.gov.br/municipioss.asp?muni=FRANCISCO%20MORATO
3516408,Franco da Rocha,Agência Ambiental de Santana,Rua Luis Carlos Gentile de Laet,,553,Horto Florestal,São Paulo,02378-000,(11) 2203-2700,(11) 2203-2700,santana_cetesb@sp.gov.br,https://licenciamento.cetesb.sp.gov.br/municipioss.asp?muni=FRANCO%20DA%20ROCHA
3516507,Gabriel Monteiro,Agência Ambiental de Araçatuba,Rua Tenente Alcides Teodoro dos Santos,,260,Aviação,Araçatuba,16055-557,(18) 3608-8053,(18) 3608-7197,aracatuba_cetesb@sp.gov.br,https://licenciamento.cetesb.sp.gov.br/municipioss.asp?muni=GABRIEL%20MONTEIRO
3516606,Gália,Agência Ambiental de Marília,Rua Santa Helena,,436,Jardim Alvorada,Marília,17513-322,(14) 3422-4666,(14) 3422-4666,marilia_cetesb@sp.gov.br,https://licenciamento.cetesb.sp.gov.br/municipioss.asp?muni=G%C1LIA
3516705,Garça,Agência Ambiental de Marília,Rua Santa Helena,,436,Jardim Alvorada,Marília,17513-322,(14) 3422-4666,(14) 3422-4666,marilia_cetesb@sp.gov.br,https://licenciamento.cetesb.sp.gov.br/municipioss.asp?muni=GAR%C7A
3516804,Gastão Vidigal,Agência Ambiental de Votuporanga,Avenida Deputado Aureo Ferreira,,1724,Vila Paes,Votuporanga,15500-112,(17) 3421-4004,(17) 3421-4004,votuporanga_cetesb@sp.gov.br,https://licenciamento.cetesb.sp.gov.br/municipioss.asp?muni=GAST%C3O%20VIDIGAL
3516853,Gavião Peixoto,Agência Ambiental de Araraquara,Avenida Castro Alves,,1271,Carmo,Araraquara,14800-140,(16) 3332-2211,(16) 3332-2211,araraquara_cetesb@sp.gov.br,https://licenciamento.cetesb.sp.gov.br/municipioss.asp?muni=GAVI%C3O%20PEIXOTO
3516903,General Salgado,Agência Ambiental de Votuporanga,Avenida Deputado Aureo Ferreira,,1724,Vila Paes,Votuporanga,15500-112,(17) 3421-4004,(17) 3421-4004,votuporanga_cetesb@sp.gov.br,https://licenciamento.cetesb.sp.gov.br/municipioss.asp?muni=GENERAL%20SALGADO
3517000,Getulina,Agência Ambiental de Marília,Rua Santa Helena,,436,Jardim Alvorada,Marília,17513-322,(14) 3422-4666,(14) 3422-4666,marilia_cetesb@sp.gov.br,https://licenciamento.cetesb.sp.gov.br/municipioss.asp?muni=GETULINA
3517109,Glicério,Agência Ambiental de Araçatuba,Rua Tenente Alcides Teodoro dos Santos,,260,Aviação,Araçatuba,16055-557,(18) 3608-8053,(18) 3608-7197,aracatuba_cetesb@sp.gov.br,https://licenciamento.cetesb.sp.gov.br/municipioss.asp?muni=GLIC%C9RIO
3517208,Guaiçara,Agência Ambiental de Marília,Rua Santa Helena,,436,Jardim Alvorada,Marília,17513-322,(14) 3422-4666,(14) 3422-4666,marilia_cetesb@sp.gov.br,https://licenciamento.cetesb.sp.gov.br/municipioss.asp?muni=GUAI%C7ARA
3517307,Guaimbê,Agência Ambiental de Marília,Rua Santa Helena,,436,Jardim Alvorada,Marília,17513-322,(14) 3422-4666,(14) 3422-4666,marilia_cetesb@sp.gov.br,https://licenciamento.cetesb.sp.gov.br/municipioss.asp?muni=GUAIMB%CA
3517406,Guaíra,Agência Ambiental de Barretos,Rua 30,,564,Centro,Barretos,14780-120,(17) 3323-1790,,barretos_cetesb@sp.gov.br,https://licenciamento.cetesb.sp.gov.br/municipioss.asp?muni=GUA%CDRA
3517505,Guapiaçu,Agência Ambiental de São José do Rio Preto,Avenida Floriano André Cabrera,,,Residencial Cidade Jardim - Jardim São Marcos,São José do Rio Preto,15081-490,(17) 3218-4300,(17) 3218-4300,riopreto_cetesb@sp.gov.br,https://licenciamento.cetesb.sp.gov.br/municipioss.asp?muni=GUAPIA%C7U
3517604,Guapiara,Agência Ambiental de Capão Bonito,Rua Denise,,131,Terras de Imbirucu,Capão Bonito,18304-700,(15) 3542-3173,(15) 3542-3173,capaobonito_cetesb@sp.gov.br,https://licenciamento.cetesb.sp.gov.br/municipioss.asp?muni=GUAPIARA
3517703,Guará,Agência Ambiental de Franca,Avenida Dr. Flávio Rocha,,4551,Parque dos Pinhais,Franca,14405-600,(16) 3724-5922,(16) 3724-5922,franca_cetesb@sp.gov.br,https://licenciamento.cetesb.sp.gov.br/municipioss.asp?muni=GUAR%C1
3517802,Guaraçaí,Agência Ambiental de Dracena,Rua Tomé de Souza,,438,Centro,Dracena,17900-000,(18) 3822-3166,(18) 3822-3166,dracena_cetesb@sp.gov.br,https://licenciamento.cetesb.sp.gov.br/municipioss.asp?muni=GUARA%C7A%CD
3517901,Guaraci,Agência Ambiental de Barretos,Rua 30,,564,Centro,Barretos,14780-120,(17) 3323-1790,,barretos_cetesb@sp.gov.br,https://licenciamento.cetesb.sp.gov.br/municipioss.asp?muni=GUARACI
3518008,Guarani d'Oeste,Agência Ambiental de Jales,Rua Nova Iorque,,1016,Jardim Monterey,Jales,15703-326,(17) 3621-1042,(17) 3621-1042,jales_cetesb@sp.gov.br,https://licenciamento.cetesb.sp.gov.br/municipioss.asp?muni=GUARANI%20D%60OESTE
3518107,Guarantã,Agência Ambiental de Marília,Rua Santa Helena,,436,Jardim Alvorada,Marília,17513-322,(14) 3422-4666,(14) 3422-4666,marilia_cetesb@sp.gov.br,https://licenciamento.cetesb.sp.gov.br/municipioss.asp?muni=GUARANT%C3
3518206,Guararapes,Agência Ambiental de Araçatuba,Rua Tenente Alcides Teodoro dos Santos,,260,Aviação,Araçatuba,16055-557,(18) 3608-8053,(18) 3608-7197,aracatuba_cetesb@sp.gov.br,https://licenciamento.cetesb.sp.gov.br/municipioss.asp?muni=GUARARAPES
3518305,Guararema,Agência Ambiental de Mogi das Cruzes,Rua Francisco Franco,,133,Centro,Mogi das Cruzes,08710-590,(11) 4723-2130,,mogi_cetesb@sp.gov.br,https://licenciamento.cetesb.sp.gov.br/municipioss.asp?muni=GUARAREMA
3518404,Guaratinguetá,Agência Ambiental de Taubaté,Avenida Itambé,,38,Santa Luzia,Taubaté,12091-200,(12) 3634-8222,(12) 3634-8234,taubate_cetesb@sp.gov.br,https://licenciamento.cetesb.sp.gov.br/municipioss.asp?muni=GUARATINGUET%C1
3518503,Guareí,Agência Ambiental de Itapetininga,Rua General Carneiro,,196,Centro,Itapetininga,18200-024,(15) 3272-2888,(15) 3272-2891,itapetininga_cetesb@sp.gov.br,https://licenciamento.cetesb.sp.gov.br/municipioss.asp?muni=GUARE%CD
3518602,Guariba,Agência Ambiental de Jaboticabal,Avenida Angelo Morello,,60,Jardim Santa Rosa,Jaboticabal,14875-290,(16) 3203-9400,(16) 3203-9400,jaboticabal_cetesb@sp.gov.br,https://licenciamento.cetesb.sp.gov.br/municipioss.asp?muni=GUARIBA
3518701,Guarujá,Agência Ambiental de Santos,Rua Delfim Moreira,,56,Embaré,Santos,11040-100,(13) 3227-7767,(13) 3227-7767,santos_cetesb@sp.gov.br,https://licenciamento.cetesb.sp.gov.br/municipioss.asp?muni=GUARUJ%C1
3518800,Guarulhos,Agência Ambiental de Guarulhos,Avenida Papa João XXIII,,219,Parque Renato Maia,Guarulhos,07114-100,(11) 2087-2010,,guarulhos_cetesb@sp.gov.br,https://licenciamento.cetesb.sp.gov.br/municipioss.asp?muni=GUARULHOS
3518859,Guatapará,Agência Ambiental de Jaboticabal,Avenida Angelo Morello,,60,Jardim Santa Rosa,Jaboticabal,14875-290,(16) 3203-9400,(16) 3203-9400,jaboticabal_cetesb@sp.gov.br,https://licenciamento.cetesb.sp.gov.br/municipioss.asp?muni=GUATAPAR%C1
3518909,Guzolândia,Agência Ambiental de Jales,Rua Nova Iorque,,1016,Jardim Monterey,Jales,15703-326,(17) 3621-1042,(17) 3621-1042,jales_cetesb@sp.gov.br,https://licenciamento.cetesb.sp.gov.br/municipioss.asp?muni=GUZOL%C2NDIA
3519006,Herculândia,Agência Ambiental de Marília,Rua Santa Helena,,436,Jardim Alvorada,Marília,17513-322,(14) 3422-4666,(14) 3422-4666,marilia_cetesb@sp.gov.br,https://licenciamento.cetesb.sp.gov.br/municipioss.asp?muni=HERCUL%C2NDIA
3519055,Holambra,Agência Ambiental de Paulínia,Rua Angelo Varandas,,550,Jardim Santa Terezinha,Paulínia,13140-802,(19) 3844-0466,(19) 3844-0466,paulinia_cetesb@sp.gov.br,https://licenciamento.cetesb.sp.gov.br/municipioss.asp?muni=HOLAMBRA
3519071,Hortolândia,Agência Ambiental de Americana,Rua Florindo Cibin,,435,Vila Medon,Americana,13465-230,(19) 3461-1550,(19) 3461-1550,americana_cetesb@sp.gov.br,https://licenciamento.cetesb.sp.gov.br/municipioss.asp?muni=HORTOL%C2NDIA
3519105,Iacanga,Agência Ambiental de Bauru,Avenida Rodrigues Alves,Quadra 38,138,Vila Coralina,Bauru,17030-000,(14) 3203-2058,(14) 3203-2344,bauru_cetesb@sp.gov.br,https://licenciamento.cetesb.sp.gov.br/municipioss.asp?muni=IACANGA
3519204,Iacri,Agência Ambiental de Marília,Rua Santa Helena,,436,Jardim Alvorada,Marília,17513-322,(14) 3422-4666,(14) 3422-4666,marilia_cetesb@sp.gov.br,https://licenciamento.cetesb.sp.gov.br/municipioss.asp?muni=IACRI
3519253,Iaras,Agência Ambiental de Avaré,Avenida Governador Mário Covas,,525,Vila Industrial,Avaré,18705-851,(14) 3732-4900,,avare_cetesb@sp.gov.br,https://licenciamento.cetesb.sp.gov.br/municipioss.asp?muni=IARAS
3519303,Ibaté,Agência Ambiental de São Carlos,Avenida das Azaléias,,700,Cidade Jardim,São Carlos,13566-500,(16) 3361-2004,(16) 3361-2004,saocarlos_cetesb@sp.gov.br,https://licenciamento.cetesb.sp.gov.br/municipioss.asp?muni=IBAT%C9
3519402,Ibirá,Agência Ambiental de São José do Rio Preto,Avenida Floriano André Cabrera,,,Residencial Cidade Jardim - Jardim São Marcos,São José do Rio Preto,15081-490,(17) 3218-4300,(17) 3218-4300,riopreto_cetesb@sp.gov.br,https://licenciamento.cetesb.sp.gov.br/municipioss.asp?muni=IBIR%C1
3519501,Ibirarema,Agência Ambiental de Assis,Via Chico Mendes,,75,Quinta dos Flamboyants,Assis,19810-005,(18) 3324-4177,(18) 3324-4177,assis_cetesb@sp.gov.br,https://licenciamento.cetesb.sp.gov.br/municipioss.asp?muni=IBIRAREMA
3519600,Ibitinga,Agência Ambiental de Araraquara,Avenida Castro Alves,,1271,Carmo,Araraquara,14800-140,(16) 3332-2211,(16) 3332-2211,araraquara_cetesb@sp.gov.br,https://licenciamento.cetesb.sp.gov.br/municipioss.asp?muni=IBITINGA
3519709,Ibiúna,Agência Ambiental de Sorocaba,Rua Epitácio Pessoa,,269,Além Ponte,Sorocaba,18013-190,(15) 3222-2065,(15) 3222-2065,sorocaba_cetesb@sp.gov.br,https://licenciamento.cetesb.sp.gov.br/municipioss.asp?muni=IBI%DANA
3519808,Icém,Agência Ambiental de São José do Rio Preto,Avenida Floriano André Cabrera,,,Residencial Cidade Jardim - Jardim São Marcos,São José do Rio Preto,15081-490,(17) 3218-4300,(17) 3218-4300,riopreto_cetesb@sp.gov.br,https://licenciamento.cetesb.sp.gov.br/municipioss.asp?muni=IC%C9M
3519907,Iepê,Agência Ambiental de Presidente Prudente,Rua João Gonçalves Foz,,1736A,Jardim das Rosas,Presidente Prudente,19060-050,(18) 3223-5001,,prudente_cetesb@sp.gov.br,https://licenciamento.cetesb.sp.gov.br/municipioss.asp?muni=IEP%CA
3520004,Igaraçu do Tietê,Agência Ambiental de Bauru,Avenida Rodrigues Alves,Quadra 38,138,Vila Coralina,Bauru,17030-000,(14) 3203-2058,(14) 3203-2344,bauru_cetesb@sp.gov.br,https://licenciamento.cetesb.sp.gov.br/municipioss.asp?muni=IGARA%C7U%20DO%20TIET%CA
3520103,Igarapava,Agência Ambiental de Franca,Avenida Dr. Flávio Rocha,,4551,Parque dos Pinhais,Franca,14405-600,(16) 3724-5922,(16) 3724-5922,franca_cetesb@sp.gov.br,https://licenciamento.cetesb.sp.gov.br/municipioss.asp?muni=IGARAPAVA
3520202,Igaratá,Agência Ambiental de São José dos Campos,Avenida Olivo Gomes,,100,Parque da Cidade/Santana,São José dos Campos,12211-115,(12) 3911-9536,(12) 3911-9536,sjcampos_cetesb@sp.gov.br,https://licenciamento.cetesb.sp.gov.br/municipioss.asp?muni=IGARAT%C1
3520301,Iguape,Agência Ambiental de Registro,Rua São Bento,,249,Jardim São Nicolau,Registro,11900-000,(13) 3822-3855,(13) 3822-4437,registro_cetesb@sp.gov.br,https://licenciamento.cetesb.sp.gov.br/municipioss.asp?muni=IGUAPE
3520426,Ilha Comprida,Agência Ambiental de Registro,Rua São Bento,,249,Jardim São Nicolau,Registro,11900-000,(13) 3822-3855,(13) 3822-4437,registro_cetesb@sp.gov.br,https://licenciamento.cetesb.sp.gov.br/municipioss.asp?muni=ILHA%20COMPRIDA
3520442,Ilha Solteira,Agência Ambiental de Jales,Rua Nova Iorque,,1016,Jardim Monterey,Jales,15703-326,(17) 3621-1042,(17) 3621-1042,jales_cetesb@sp.gov.br,https://licenciamento.cetesb.sp.gov.br/municipioss.asp?muni=ILHA%20SOLTEIRA
3520400,Ilhabela,Agência Ambiental de São Sebastião,Rua Francisco da Cruz Maldonado,,132,Portal da Olaria,São Sebastião,11600-000,(12) 3862-2300,(12) 3862-2300,ssebastiao_cetesb@sp.gov.br,https://licenciamento.cetesb.sp.gov.br/municipioss.asp?muni=ILHABELA
3520509,Indaiatuba,Agência Ambiental de Jundiaí,Rua João Ferrara,,555,Jardim Pitangueiras II,Jundiaí,13206-714,(11) 4817-1898,(11) 4587-3597,jundiai_cetesb@sp.gov.br,https://licenciamento.cetesb.sp.gov.br/municipioss.asp?muni=INDAIATUBA
3520608,Indiana,Agência Ambiental de Presidente Prudente,Rua João Gonçalves Foz,,1736A,Jardim das Rosas,Presidente Prudente,19060-050,(18) 3223-5001,,prudente_cetesb@sp.gov.br,https://licenciamento.cetesb.sp.gov.br/municipioss.asp?muni=INDIANA
3520707,Indiaporã,Agência Ambiental de Jales,Rua Nova Iorque,,1016,Jardim Monterey,Jales,15703-326,(17) 3621-1042,(17) 3621-1042,jales_cetesb@sp.gov.br,https://licenciamento.cetesb.sp.gov.br/municipioss.asp?muni=INDIAPOR%C3
3520806,Inúbia Paulista,Agência Ambiental de Dracena,Rua Tomé de Souza,,438,Centro,Dracena,17900-000,(18) 3822-3166,(18) 3822-3166,dracena_cetesb@sp.gov.br,https://licenciamento.cetesb.sp.gov.br/municipioss.asp?muni=IN%DABIA%20PAULISTA
3520905,Ipaussu,Agência Ambiental de Assis,Via Chico Mendes,,75,Quinta dos Flamboyants,Assis,19810-005,(18) 3324-4177,(18) 3324-4177,assis_cetesb@sp.gov.br,https://licenciamento.cetesb.sp.gov.br/municipioss.asp?muni=IPAUSSU
3521002,Iperó,Agência Ambiental de Sorocaba,Rua Epitácio Pessoa,,269,Além Ponte,Sorocaba,18013-190,(15) 3222-2065,(15) 3222-2065,sorocaba_cetesb@sp.gov.br,https://licenciamento.cetesb.sp.gov.br/municipioss.asp?muni=IPER%D3
3521101,Ipeúna,Agência Ambiental de Piracicaba,Rua do Rosário,,566,Centro,Piracicaba,13400-183,(19) 3402-6863,(19) 3402-6863,piracicaba_cetesb@sp.gov.br,https://licenciamento.cetesb.sp.gov.br/municipioss.asp?muni=IPE%DANA
3521150,Ipiguá,Agência Ambiental de São José do Rio Preto,Avenida Floriano André Cabrera,,,Residencial Cidade Jardim - Jardim São Marcos,São José do Rio Preto,15081-490,(17) 3218-4300,(17) 3218-4300,riopreto_cetesb@sp.gov.br,https://licenciamento.cetesb.sp.gov.br/municipioss.asp?muni=IPIGU%C1
3521200,Iporanga,Agência Ambiental de Registro,Rua São Bento,,249,Jardim São Nicolau,Registro,11900-000,(13) 3822-3855,(13) 3822-4437,registro_cetesb@sp.gov.br,https://licenciamento.cetesb.sp.gov.br/municipioss.asp?muni=IPORANGA
3521309,Ipuã,Agência Ambiental de Ribeirão Preto,Avenida Presidente Kennedy,,1760,Ribeirânia,Ribeirão Preto,14096-350,(16) 3617-4700,(16) 3617-4207,ribeirao_cetesb@sp.gov.br,https://licenciamento.cetesb.sp.gov.br/municipioss.asp?muni=IPU%C3
3521408,Iracemápolis,Agência Ambiental de Limeira,Avenida Vitório Bortolan,,1450,Parque Abílio Pedro,Limeira,13483-132,(19) 3451-6203,(19) 3451-6203,limeira_cetesb@sp.gov.br,https://licenciamento.cetesb.sp.gov.br/municipioss.asp?muni=IRACEM%C1POLIS
3521507,Irapuã,Agência Ambiental de São José do Rio Preto,Avenida Floriano André Cabrera,,,Residencial Cidade Jardim - Jardim São Marcos,São José do Rio Preto,15081-490,(17) 3218-4300,(17) 3218-4300,riopreto_cetesb@sp.gov.br,https://licenciamento.cetesb.sp.gov.br/municipioss.asp?muni=IRAPU%C3
3521606,Irapuru,Agência Ambiental de Dracena,Rua Tomé de Souza,,438,Centro,Dracena,17900-000,(18) 3822-3166,(18) 3822-3166,dracena_cetesb@sp.gov.br,https://licenciamento.cetesb.sp.gov.br/municipioss.asp?muni=IRAPURU
3521705,Itaberá,Agência Ambiental de Capão Bonito,Rua Denise,,131,Terras de Imbirucu,Capão Bonito,18304-700,(15) 3542-3173,(15) 3542-3173,capaobonito_cetesb@sp.gov.br,https://licenciamento.cetesb.sp.gov.br/municipioss.asp?muni=ITABER%C1
3521804,Itaí,Agência Ambiental de Avaré,Avenida Governador Mário Covas,,525,Vila Industrial,Avaré,18705-851,(14) 3732-4900,,avare_cetesb@sp.gov.br,https://licenciamento.cetesb.sp.gov.br/municipioss.asp?muni=ITA%CD
3521903,Itajobi,Agência Ambiental de São José do Rio Preto,Avenida Floriano André Cabrera,,,Residencial Cidade Jardim - Jardim São Marcos,São José do Rio Preto,15081-490,(17) 3218-4300,(17) 3218-4300,riopreto_cetesb@sp.gov.br,https://licenciamento.cetesb.sp.gov.br/municipioss.asp?muni=ITAJOBI
3522000,Itaju,Agência Ambiental de Bauru,Avenida Rodrigues Alves,Quadra 38,138,Vila Coralina,Bauru,17030-000,(14) 3203-2058,(14) 3203-2344,bauru_cetesb@sp.gov.br,https://licenciamento.cetesb.sp.gov.br/municipioss.asp?muni=ITAJU
3522109,Itanhaém,Agência Ambiental de Santos,Rua Delfim Moreira,,56,Embaré,Santos,11040-100,(13) 3227-7767,(13) 3227-7767,santos_cetesb@sp.gov.br,https://licenciamento.cetesb.sp.gov.br/municipioss.asp?muni=ITANHA%C9M
3522158,Itaóca,Agência Ambiental de Capão Bonito,Rua Denise,,131,Terras de Imbirucu,Capão Bonito,18304-700,(15) 3542-3173,(15) 3542-3173,capaobonito_cetesb@sp.gov.br,https://licenciamento.cetesb.sp.gov.br/municipioss.asp?muni=ITA%D3CA
3522208,Itapecerica da Serra,Agência Ambiental de Embu das Artes,Avenida João Paulo I,,495,Jardim São Luiz,Embu das Artes,06816-550,(11) 4704-8835,(11) 4704-8835,embu_cetesb@sp.gov.br,https://licenciamento.cetesb.sp.gov.br/municipioss.asp?muni=ITAPECERICA%20DA%20SERRA
3522307,Itapetininga,Agência Ambiental de Itapetininga,Rua General Carneiro,,196,Centro,Itapetininga,18200-024,(15) 3272-2888,(15) 3272-2891,itapetininga_cetesb@sp.gov.br,https://licenciamento.cetesb.sp.gov.br/municipioss.asp?muni=ITAPETININGA
3522406,Itapeva,Agência Ambiental de Capão Bonito,Rua Denise,,131,Terras de Imbirucu,Capão Bonito,18304-700,(15) 3542-3173,(15) 3542-3173,capaobonito_cetesb@sp.gov.br,https://licenciamento.cetesb.sp.gov.br/municipioss.asp?muni=ITAPEVA
3522505,Itapevi,Agência Ambiental de Osasco,Rua Anete Queiroz Lacerda,,80,Jardim Bonfiglioli,São Paulo,05591-080,(11) 3721-9600,(11) 3721-9600,osasco_cetesb@sp.gov.br,https://licenciamento.cetesb.sp.gov.br/municipioss.asp?muni=ITAPEVI
3522604,Itapira,Agência Ambiental de Mogi Guaçu,Rua Hugo Pancieira,,400,Pedregulhal,Mogi Guaçu,13845-190,(19) 3818-0396,(19) 3818-0396,mogiguacu_cetesb@sp.gov.br,https://licenciamento.cetesb.sp.gov.br/municipioss.asp?muni=ITAPIRA
3522653,Itapirapuã Paulista,Agência Ambiental de Capão Bonito,Rua Denise,,131,Terras de Imbirucu,Capão Bonito,18304-700,(15) 3542-3173,(15) 3542-3173,capaobonito_cetesb@sp.gov.br,https://licenciamento.cetesb.sp.gov.br/municipioss.asp?muni=ITAPIRAPU%C3%20PAULISTA
3522703,Itápolis,Agência Ambiental de Araraquara,Avenida Castro Alves,,1271,Carmo,Araraquara,14800-140,(16) 3332-2211,(16) 3332-2211,araraquara_cetesb@sp.gov.br,https://licenciamento.cetesb.sp.gov.br/municipioss.asp?muni=IT%C1POLIS
3522802,Itaporanga,Agência Ambiental de Avaré,Avenida Governador Mário Covas,,525,Vila Industrial,Avaré,18705-851,(14) 3732-4900,,avare_cetesb@sp.gov.br,https://licenciamento.cetesb.sp.gov.br/municipioss.asp?muni=ITAPORANGA
3522901,Itapuí,Agência Ambiental de Bauru,Avenida Rodrigues Alves,Quadra 38,138,Vila Coralina,Bauru,17030-000,(14) 3203-2058,(14) 3203-2344,bauru_cetesb@sp.gov.br,https://licenciamento.cetesb.sp.gov.br/municipioss.asp?muni=ITAPU%CD
3523008,Itapura,Agência Ambiental de Jales,Rua Nova Iorque,,1016,Jardim Monterey,Jales,15703-326,(17) 3621-1042,(17) 3621-1042,jales_cetesb@sp.gov.br,https://licenciamento.cetesb.sp.gov.br/municipioss.asp?muni=ITAPURA
3523107,Itaquaquecetuba,Agência Ambiental do Tatuapé,Avenida Celso Garcia,,2593,Belenzinho,São Paulo,03063-000,(11) 2295-0005,(11) 2294-6566,tatuape_cetesb@sp.gov.br,https://licenciamento.cetesb.sp.gov.br/municipioss.asp?muni=ITAQUAQUECETUBA
3523206,Itararé,Agência Ambiental de Capão Bonito,Rua Denise,,131,Terras de Imbirucu,Capão Bonito,18304-700,(15) 3542-3173,(15) 3542-3173,capaobonito_cetesb@sp.gov.br,https://licenciamento.cetesb.sp.gov.br/municipioss.asp?muni=ITARAR%C9
3523305,Itariri,Agência Ambiental de Registro,Rua São Bento,,249,Jardim São Nicolau,Registro,11900-000,(13) 3822-3855,(13) 3822-4437,registro_cetesb@sp.gov.br,https://licenciamento.cetesb.sp.gov.br/municipioss.asp?muni=ITARIRI
3523404,Itatiba,Agência Ambiental de Paulínia,Rua Angelo Varandas,,550,Jardim Santa Terezinha,Paulínia,13140-802,(19) 3844-0466,(19) 3844-0466,paulinia_cetesb@sp.gov.br,https://licenciamento.cetesb.sp.gov.br/municipioss.asp?muni=ITATIBA
3523503,Itatinga,Agência Ambiental de Avaré,Avenida Governador Mário Covas,,525,Vila Industrial,Avaré,18705-851,(14) 3732-4900,,avare_cetesb@sp.gov.br,https://licenciamento.cetesb.sp.gov.br/municipioss.asp?muni=ITATINGA
3523602,Itirapina,Agência Ambiental de São Carlos,Avenida das Azaléias,,700,Cidade Jardim,São Carlos,13566-500,(16) 3361-2004,(16) 3361-2004,saocarlos_cetesb@sp.gov.br,https://licenciamento.cetesb.sp.gov.br/municipioss.asp?muni=ITIRAPINA
3523701,Itirapuã,Agência Ambiental de Franca,Avenida Dr. Flávio Rocha,,4551,Parque dos Pinhais,Franca,14405-600,(16) 3724-5922,(16) 3724-5922,franca_cetesb@sp.gov.br,https://licenciamento.cetesb.sp.gov.br/municipioss.asp?muni=ITIRAPU%C3
3523800,Itobi,Agência Ambiental de São João da Boa Vista,Rua Marechal Deodoro,,345,Centro,São João da Boa Vista,13870-223,(19) 3633-1510,(19) 3633-1510,sjboavista_cetesb@sp.gov.br,https://licenciamento.cetesb.sp.gov.br/municipioss.asp?muni=ITOBI
3523909,Itu,Agência Ambiental de Itu,Rua Santa Rita,,1165,Centro,Itu,13300-065,(11) 4013-3419,(11) 4013-3419,itu_cetesb@sp.gov.br,https://licenciamento.cetesb.sp.gov.br/municipioss.asp?muni=ITU
3524006,Itupeva,Agência Ambiental de Jundiaí,Rua João Ferrara,,555,Jardim Pitangueiras II,Jundiaí,13206-714,(11) 4817-1898,(11) 4587-3597,jundiai_cetesb@sp.gov.br,https://licenciamento.cetesb.sp.gov.br/municipioss.asp?muni=ITUPEVA
3524105,Ituverava,Agência Ambiental de Franca,Avenida Dr. Flávio Rocha,,4551,Parque dos Pinhais,Franca,14405-600,(16) 3724-5922,(16) 3724-5922,franca_cetesb@sp.gov.br,https://licenciamento.cetesb.sp.gov.br/municipioss.asp?muni=ITUVERAVA
3524204,Jaborandi,Agência Ambiental de Barretos,Rua 30,,564,Centro,Barretos,14780-120,(17) 3323-1790,,barretos_cetesb@sp.gov.br,https://licenciamento.cetesb.sp.gov.br/municipioss.asp?muni=JABORANDI
3524303,Jaboticabal,Agência Ambiental de Jaboticabal,Avenida Angelo Morello,,60,Jardim Santa Rosa,Jaboticabal,14875-290,(16) 3203-9400,(16) 3203-9400,jaboticabal_cetesb@sp.gov.br,https://licenciamento.cetesb.sp.gov.br/municipioss.asp?muni=JABOTICABAL
3524402,Jacareí,Agência Ambiental de São José dos Campos,Avenida Olivo Gomes,,100,Parque da Cidade/Santana,São José dos Campos,12211-115,(12) 3911-9536,(12) 3911-9536,sjcampos_cetesb@sp.gov.br,https://licenciamento.cetesb.sp.gov.br/municipioss.asp?muni=JACARE%CD
3524501,Jaci,Agência Ambiental de São José do Rio Preto,Avenida Floriano André Cabrera,,,Residencial Cidade Jardim - Jardim São Marcos,São José do Rio Preto,15081-490,(17) 3218-4300,(17) 3218-4300,riopreto_cetesb@sp.gov.br,https://licenciamento.cetesb.sp.gov.br/municipioss.asp?muni=JACI
3524600,Jacupiranga,Agência Ambiental de Registro,Rua São Bento,,249,Jardim São Nicolau,Registro,11900-000,(13) 3822-3855,(13) 3822-4437,registro_cetesb@sp.gov.br,https://licenciamento.cetesb.sp.gov.br/municipioss.asp?muni=JACUPIRANGA
3524709,Jaguariúna,Agência Ambiental de Paulínia,Rua Angelo Varandas,,550,Jardim Santa Terezinha,Paulínia,13140-802,(19) 3844-0466,(19) 3844-0466,paulinia_cetesb@sp.gov.br,https://licenciamento.cetesb.sp.gov.br/municipioss.asp?muni=JAGUARI%DANA
3524808,Jales,Agência Ambiental de Jales,Rua Nova Iorque,,1016,Jardim Monterey,Jales,15703-326,(17) 3621-1042,(17) 3621-1042,jales_cetesb@sp.gov.br,https://licenciamento.cetesb.sp.gov.br/municipioss.asp?muni=JALES
3524907,Jambeiro,Agência Ambiental de São José dos Campos,Avenida Olivo Gomes,,100,Parque da Cidade/Santana,São José dos Campos,12211-115,(12) 3911-9536,(12) 3911-9536,sjcampos_cetesb@sp.gov.br,https://licenciamento.cetesb.sp.gov.br/municipioss.asp?muni=JAMBEIRO
3525003,Jandira,Agência Ambiental de Osasco,Rua Anete Queiroz Lacerda,,80,Jardim Bonfiglioli,São Paulo,05591-080,(11) 3721-9600,(11) 3721-9600,osasco_cetesb@sp.gov.br,https://licenciamento.cetesb.sp.gov.br/municipioss.asp?muni=JANDIRA
3525102,Jardinópolis,Agência Ambiental de Ribeirão Preto,Avenida Presidente Kennedy,,1760,Ribeirânia,Ribeirão Preto,14096-350,(16) 3617-4700,(16) 3617-4207,ribeirao_cetesb@sp.gov.br,https://licenciamento.cetesb.sp.gov.br/municipioss.asp?muni=JARDIN%D3POLIS
3525201,Jarinu,Agência Ambiental de Jundiaí,Rua João Ferrara,,555,Jardim Pitangueiras II,Jundiaí,13206-714,(11) 4817-1898,(11) 4587-3597,jundiai_cetesb@sp.gov.br,https://licenciamento.cetesb.sp.gov.br/municipioss.asp?muni=JARINU
3525300,Jaú,Agência Ambiental de Bauru,Avenida Rodrigues Alves,Quadra 38,138,Vila Coralina,Bauru,17030-000,(14) 3203-2058,(14) 3203-2344,bauru_cetesb@sp.gov.br,https://licenciamento.cetesb.sp.gov.br/municipioss.asp?muni=JA%DA
3525409,Jeriquara,Agência Ambiental de Franca,Avenida Dr. Flávio Rocha,,4551,Parque dos Pinhais,Franca,14405-600,(16) 3724-5922,(16) 3724-5922,franca_cetesb@sp.gov.br,https://licenciamento.cetesb.sp.gov.br/municipioss.asp?muni=JERIQUARA
3525508,Joanópolis,Agência Ambiental de Atibaia,Rua Castro Fafe,,295,Centro,Atibaia,12940-440,(11) 4411-6466,(11) 4411-6466,atibaia_cetesb@sp.gov.br,https://licenciamento.cetesb.sp.gov.br/municipioss.asp?muni=JOAN%D3POLIS
3525607,João Ramalho,Agência Ambiental de Assis,Via Chico Mendes,,75,Quinta dos Flamboyants,Assis,19810-005,(18) 3324-4177,(18) 3324-4177,assis_cetesb@sp.gov.br,https://licenciamento.cetesb.sp.gov.br/municipioss.asp?muni=JO%C3O%20RAMALHO
3525706,José Bonifácio,Agência Ambiental de São José do Rio Preto,Avenida Floriano André Cabrera,,,Residencial Cidade Jardim - Jardim São Marcos,São José do Rio Preto,15081-490,(17) 3218-4300,(17) 3218-4300,riopreto_cetesb@sp.gov.br,https://licenciamento.cetesb.sp.gov.br/municipioss.asp?muni=JOS%C9%20BONIF%C1CIO
3525805,Júlio Mesquita,Agência Ambiental de Marília,Rua Santa Helena,,436,Jardim Alvorada,Marília,17513-322,(14) 3422-4666,(14) 3422-4666,marilia_cetesb@sp.gov.br,https://licenciamento.cetesb.sp.gov.br/municipioss.asp?muni=J%DALIO%20MESQUITA
3525854,Jumirim,Agência Ambiental de Itu,Rua Santa Rita,,1165,Centro,Itu,13300-065,(11) 4013-3419,(11) 4013-3419,itu_cetesb@sp.gov.br,https://licenciamento.cetesb.sp.gov.br/municipioss.asp?muni=JUMIRIM
3525904,Jundiaí,Agência Ambiental de Jundiaí,Rua João Ferrara,,555,Jardim Pitangueiras II,Jundiaí,13206-714,(11) 4817-1898,(11) 4587-3597,jundiai_cetesb@sp.gov.br,https://licenciamento.cetesb.sp.gov.br/municipioss.asp?muni=JUNDIA%CD
3526001,Junqueirópolis,Agência Ambiental de Dracena,Rua Tomé de Souza,,438,Centro,Dracena,17900-000,(18) 3822-3166,(18) 3822-3166,dracena_cetesb@sp.gov.br,https://licenciamento.cetesb.sp.gov.br/municipioss.asp?muni=JUNQUEIR%D3POLIS
3526100,Juquiá,Agência Ambiental de Registro,Rua São Bento,,249,Jardim São Nicolau,Registro,11900-000,(13) 3822-3855,(13) 3822-4437,registro_cetesb@sp.gov.br,https://licenciamento.cetesb.sp.gov.br/municipioss.asp?muni=JUQUI%C1
3526209,Juquitiba,Agência Ambiental de Embu das Artes,Avenida João Paulo I,,495,Jardim São Luiz,Embu das Artes,06816-550,(11) 4704-8835,(11) 4704-8835,embu_cetesb@sp.gov.br,https://licenciamento.cetesb.sp.gov.br/municipioss.asp?muni=JUQUITIBA
3526308,Lagoinha,Agência Ambiental de Taubaté,Avenida Itambé,,38,Santa Luzia,Taubaté,12091-200,(12) 3634-8222,(12) 3634-8234,taubate_cetesb@sp.gov.br,https://licenciamento.cetesb.sp.gov.br/municipioss.asp?muni=LAGOINHA
3526407,Laranjal Paulista,Agência Ambiental de Botucatu,Rua Lourenço Carmelo,,180,Jardim Paraíso,Botucatu,18610-265,(14) 3882-1134,(14) 3882-1134,botucatu_cetesb@sp.gov.br,https://licenciamento.cetesb.sp.gov.br/municipioss.asp?muni=LARANJAL%20PAULISTA
3526506,Lavínia,Agência Ambiental de Araçatuba,Rua Tenente Alcides Teodoro dos Santos,,260,Aviação,Araçatuba,16055-557,(18) 3608-8053,(18) 3608-7197,aracatuba_cetesb@sp.gov.br,https://licenciamento.cetesb.sp.gov.br/municipioss.asp?muni=LAV%CDNIA
3526605,Lavrinhas,Agência Ambiental de Taubaté,Avenida Itambé,,38,Santa Luzia,Taubaté,12091-200,(12) 3634-8222,(12) 3634-8234,taubate_cetesb@sp.gov.br,https://licenciamento.cetesb.sp.gov.br/municipioss.asp?muni=LAVRINHAS
3526704,Leme,Agência Ambiental de Mogi Guaçu,Rua Hugo Pancieira,,400,Pedregulhal,Mogi Guaçu,13845-190,(19) 3818-0396,(19) 3818-0396,mogiguacu_cetesb@sp.gov.br,https://licenciamento.cetesb.sp.gov.br/municipioss.asp?muni=LEME
3526803,Lençóis Paulista,Agência Ambiental de Bauru,Avenida Rodrigues Alves,Quadra 38,138,Vila Coralina,Bauru,17030-000,(14) 3203-2058,(14) 3203-2344,bauru_cetesb@sp.gov.br,https://licenciamento.cetesb.sp.gov.br/municipioss.asp?muni=LEN%C7%D3IS%20PAULISTA
3526902,Limeira,Agência Ambiental de Limeira,Avenida Vitório Bortolan,,1450,Parque Abílio Pedro,Limeira,13483-132,(19) 3451-6203,(19) 3451-6203,limeira_cetesb@sp.gov.br,https://licenciamento.cetesb.sp.gov.br/municipioss.asp?muni=LIMEIRA
3527009,Lindóia,Agência Ambiental de Mogi Guaçu,Rua Hugo Pancieira,,400,Pedregulhal,Mogi Guaçu,13845-190,(19) 3818-0396,(19) 3818-0396,mogiguacu_cetesb@sp.gov.br,https://licenciamento.cetesb.sp.gov.br/municipioss.asp?muni=LIND%D3IA
3527108,Lins,Agência Ambiental de Marília,Rua Santa Helena,,436,Jardim Alvorada,Marília,17513-322,(14) 3422-4666,(14) 3422-4666,marilia_cetesb@sp.gov.br,https://licenciamento.cetesb.sp.gov.br/municipioss.asp?muni=LINS
3527207,Lorena,Agência Ambiental de Taubaté,Avenida Itambé,,38,Santa Luzia,Taubaté,12091-200,(12) 3634-8222,(12) 3634-8234,taubate_cetesb@sp.gov.br,https://licenciamento.cetesb.sp.gov.br/municipioss.asp?muni=LORENA
3527256,Lourdes,Agência Ambiental de Araçatuba,Rua Tenente Alcides Teodoro dos Santos,,260,Aviação,Araçatuba,16055-557,(18) 3608-8053,(18) 3608-7197,aracatuba_cetesb@sp.gov.br,https://licenciamento.cetesb.sp.gov.br/municipioss.asp?muni=LOURDES
3527306,Louveira,Agência Ambiental de Campinas,Avenida Brasil,,2340,Jardim Chapadão,Campinas,13070-178,(19) 3241-1744,,campinas_cetesb@sp.gov.br,https://licenciamento.cetesb.sp.gov.br/municipioss.asp?muni=LOUVEIRA
3527405,Lucélia,Agência Ambiental de Dracena,Rua Tomé de Souza,,438,Centro,Dracena,17900-000,(18) 3822-3166,(18) 3822-3166,dracena_cetesb@sp.gov.br,https://licenciamento.cetesb.sp.gov.br/municipioss.asp?muni=LUC%C9LIA
3527504,Lucianópolis,Agência Ambiental de Bauru,Avenida Rodrigues Alves,Quadra 38,138,Vila Coralina,Bauru,17030-000,(14) 3203-2058,(14) 3203-2344,bauru_cetesb@sp.gov.br,https://licenciamento.cetesb.sp.gov.br/municipioss.asp?muni=LUCIAN%D3POLIS
3527603,Luís Antônio,Agência Ambiental de Jaboticabal,Avenida Angelo Morello,,60,Jardim Santa Rosa,Jaboticabal,14875-290,(16) 3203-9400,(16) 3203-9400,jaboticabal_cetesb@sp.gov.br,https://licenciamento.cetesb.sp.gov.br/municipioss.asp?muni=LU%CDS%20ANT%D4NIO
3527702,Luiziânia,Agência Ambiental de Araçatuba,Rua Tenente Alcides Teodoro dos Santos,,260,Aviação,Araçatuba,16055-557,(18) 3608-8053,(18) 3608-7197,aracatuba_cetesb@sp.gov.br,https://licenciamento.cetesb.sp.gov.br/municipioss.asp?muni=LUIZI%C2NIA
3527801,Lupércio,Agência Ambiental de Marília,Rua Santa Helena,,436,Jardim Alvorada,Marília,17513-322,(14) 3422-4666,(14) 3422-4666,marilia_cetesb@sp.gov.br,https://licenciamento.cetesb.sp.gov.br/municipioss.asp?muni=LUP%C9RCIO
3527900,Lutécia,Agência Ambiental de Assis,Via Chico Mendes,,75,Quinta dos Flamboyants,Assis,19810-005,(18) 3324-4177,(18) 3324-4177,assis_cetesb@sp.gov.br,https://licenciamento.cetesb.sp.gov.br/municipioss.asp?muni=LUT%C9CIA
3528007,Macatuba,Agência Ambiental de Bauru,Avenida Rodrigues Alves,Quadra 38,138,Vila Coralina,Bauru,17030-000,(14) 3203-2058,(14) 3203-2344,bauru_cetesb@sp.gov.br,https://licenciamento.cetesb.sp.gov.br/municipioss.asp?muni=MACATUBA
3528106,Macaubal,Agência Ambiental de Votuporanga,Avenida Deputado Aureo Ferreira,,1724,Vila Paes,Votuporanga,15500-112,(17) 3421-4004,(17) 3421-4004,votuporanga_cetesb@sp.gov.br,https://licenciamento.cetesb.sp.gov.br/municipioss.asp?muni=MACAUBAL
3528205,Macedônia,Agência Ambiental de Votuporanga,Avenida Deputado Aureo Ferreira,,1724,Vila Paes,Votuporanga,15500-112,(17) 3421-4004,(17) 3421-4004,votuporanga_cetesb@sp.gov.br,https://licenciamento.cetesb.sp.gov.br/municipioss.asp?muni=MACED%D4NIA
3528304,Magda,Agência Ambiental de Votuporanga,Avenida Deputado Aureo Ferreira,,1724,Vila Paes,Votuporanga,15500-112,(17) 3421-4004,(17) 3421-4004,votuporanga_cetesb@sp.gov.br,https://licenciamento.cetesb.sp.gov.br/municipioss.asp?muni=MAGDA
3528403,Mairinque,Agência Ambiental de Itu,Rua Santa Rita,,1165,Centro,Itu,13300-065,(11) 4013-3419,(11) 4013-3419,itu_cetesb@sp.gov.br,https://licenciamento.cetesb.sp.gov.br/municipioss.asp?muni=MAIRINQUE
3528502,Mairiporã,Agência Ambiental de Guarulhos,Avenida Papa João XXIII,,219,Parque Renato Maia,Guarulhos,07114-100,(11) 2087-2010,,guarulhos_cetesb@sp.gov.br,https://licenciamento.cetesb.sp.gov.br/municipioss.asp?muni=MAIRIPOR%C3
3528601,Manduri,Agência Ambiental de Avaré,Avenida Governador Mário Covas,,525,Vila Industrial,Avaré,18705-851,(14) 3732-4900,,avare_cetesb@sp.gov.br,https://licenciamento.cetesb.sp.gov.br/municipioss.asp?muni=MANDURI
3528700,Marabá Paulista,Agência Ambiental de Presidente Prudente,Rua João Gonçalves Foz,,1736A,Jardim das Rosas,Presidente Prudente,19060-050,(18) 3223-5001,,prudente_cetesb@sp.gov.br,https://licenciamento.cetesb.sp.gov.br/municipioss.asp?muni=MARAB%C1%20PAULISTA
3528809,Maracaí,Agência Ambiental de Assis,Via Chico Mendes,,75,Quinta dos Flamboyants,Assis,19810-005,(18) 3324-4177,(18) 3324-4177,assis_cetesb@sp.gov.br,https://licenciamento.cetesb.sp.gov.br/municipioss.asp?muni=MARACA%CD
3528858,Marapoama,Agência Ambiental de São José do Rio Preto,Avenida Floriano André Cabrera,,,Residencial Cidade Jardim - Jardim São Marcos,São José do Rio Preto,15081-490,(17) 3218-4300,(17) 3218-4300,riopreto_cetesb@sp.gov.br,https://licenciamento.cetesb.sp.gov.br/municipioss.asp?muni=MARAPOAMA
3528908,Mariápolis,Agência Ambiental de Dracena,Rua Tomé de Souza,,438,Centro,Dracena,17900-000,(18) 3822-3166,(18) 3822-3166,dracena_cetesb@sp.gov.br,https://licenciamento.cetesb.sp.gov.br/municipioss.asp?muni=MARI%C1POLIS
3529005,Marília,Agência Ambiental de Marília,Rua Santa Helena,,436,Jardim Alvorada,Marília,17513-322,(14) 3422-4666,(14) 3422-4666,marilia_cetesb@sp.gov.br,https://licenciamento.cetesb.sp.gov.br/municipioss.asp?muni=MAR%CDLIA
3529104,Marinópolis,Agência Ambiental de Jales,Rua Nova Iorque,,1016,Jardim Monterey,Jales,15703-326,(17) 3621-1042,(17) 3621-1042,jales_cetesb@sp.gov.br,https://licenciamento.cetesb.sp.gov.br/municipioss.asp?muni=MARIN%D3POLIS
3529203,Martinópolis,Agência Ambiental de Presidente Prudente,Rua João Gonçalves Foz,,1736A,Jardim das Rosas,Presidente Prudente,19060-050,(18) 3223-5001,,prudente_cetesb@sp.gov.br,https://licenciamento.cetesb.sp.gov.br/municipioss.asp?muni=MARTIN%D3POLIS
3529302,Matão,Agência Ambiental de Araraquara,Avenida Castro Alves,,1271,Carmo,Araraquara,14800-140,(16) 3332-2211,(16) 3332-2211,araraquara_cetesb@sp.gov.br,https://licenciamento.cetesb.sp.gov.br/municipioss.asp?muni=MAT%C3O
3529401,Mauá,Agência Ambiental do ABC I,Rua dos Vianas,,625,Baeta Neves,São Bernardo do Campo,09760-040,(11) 4123-4555,(11) 4123-4555,abc1_cetesb@sp.gov.br,https://licenciamento.cetesb.sp.gov.br/municipioss.asp?muni=MAU%C1
3529500,Mendonça,Agência Ambiental de São José do Rio Preto,Avenida Floriano André Cabrera,,,Residencial Cidade Jardim - Jardim São Marcos,São José do Rio Preto,15081-490,(17) 3218-4300,(17) 3218-4300,riopreto_cetesb@sp.gov.br,https://licenciamento.cetesb.sp.gov.br/municipioss.asp?muni=MENDON%C7A
3529609,Meridiano,Agência Ambiental de Votuporanga,Avenida Deputado Aureo Ferreira,,1724,Vila Paes,Votuporanga,15500-112,(17) 3421-4004,(17) 3421-4004,votuporanga_cetesb@sp.gov.br,https://licenciamento.cetesb.sp.gov.br/municipioss.asp?muni=MERIDIANO
3529658,Mesópolis,Agência Ambiental de Jales,Rua Nova Iorque,,1016,Jardim Monterey,Jales,15703-326,(17) 3621-1042,(17) 3621-1042,jales_cetesb@sp.gov.br,https://licenciamento.cetesb.sp.gov.br/municipioss.asp?muni=MES%D3POLIS
3529708,Miguelópolis,Agência Ambiental de Barretos,Rua 30,,564,Centro,Barretos,14780-120,(17) 3323-1790,,barretos_cetesb@sp.gov.br,https://licenciamento.cetesb.sp.gov.br/municipioss.asp?muni=MIGUEL%D3POLIS
3529807,Mineiros do Tietê,Agência Ambiental de Bauru,Avenida Rodrigues Alves,Quadra 38,138,Vila Coralina,Bauru,17030-000,(14) 3203-2058,(14) 3203-2344,bauru_cetesb@sp.gov.br,https://licenciamento.cetesb.sp.gov.br/municipioss.asp?muni=MINEIROS%20DO%20TIET%CA
3530003,Mira Estrela,Agência Ambiental de Votuporanga,Avenida Deputado Aureo Ferreira,,1724,Vila Paes,Votuporanga,15500-112,(17) 3421-4004,(17) 3421-4004,votuporanga_cetesb@sp.gov.br,https://licenciamento.cetesb.sp.gov.br/municipioss.asp?muni=MIRA%20ESTRELA
3529906,Miracatu,Agência Ambiental de Registro,Rua São Bento,,249,Jardim São Nicolau,Registro,11900-000,(13) 3822-3855,(13) 3822-4437,registro_cetesb@sp.gov.br,https://licenciamento.cetesb.sp.gov.br/municipioss.asp?muni=MIRACATU
3530102,Mirandópolis,Agência Ambiental de Araçatuba,Rua Tenente Alcides Teodoro dos Santos,,260,Aviação,Araçatuba,16055-557,(18) 3608-8053,(18) 3608-7197,aracatuba_cetesb@sp.gov.br,https://licenciamento.cetesb.sp.gov.br/municipioss.asp?muni=MIRAND%D3POLIS
3530201,Mirante do Paranapanema,Agência Ambiental de Presidente Prudente,Rua João Gonçalves Foz,,1736A,Jardim das Rosas,Presidente Prudente,19060-050,(18) 3223-5001,,prudente_cetesb@sp.gov.br,https://licenciamento.cetesb.sp.gov.br/municipioss.asp?muni=MIRANTE%20DO%20PARANAPANEMA
3530300,Mirassol,Agência Ambiental de São José do Rio Preto,Avenida Floriano André Cabrera,,,Residencial Cidade Jardim - Jardim São Marcos,São José do Rio Preto,15081-490,(17) 3218-4300,(17) 3218-4300,riopreto_cetesb@sp.gov.br,https://licenciamento.cetesb.sp.gov.br/municipioss.asp?muni=MIRASSOL
3530409,Mirassolândia,Agência Ambiental de São José do Rio Preto,Avenida Floriano André Cabrera,,,Residencial Cidade Jardim - Jardim São Marcos,São José do Rio Preto,15081-490,(17) 3218-4300,(17) 3218-4300,riopreto_cetesb@sp.gov.br,https://licenciamento.cetesb.sp.gov.br/municipioss.asp?muni=MIRASSOL%C2NDIA
3530508,Mococa,Agência Ambiental de São João da Boa Vista,Rua Marechal Deodoro,,345,Centro,São João da Boa Vista,13870-223,(19) 3633-1510,(19) 3633-1510,sjboavista_cetesb@sp.gov.br,https://licenciamento.cetesb.sp.gov.br/municipioss.asp?muni=MOCOCA
3530706,Mogi Guaçu,Agência Ambiental de Mogi Guaçu,Rua Hugo Pancieira,,400,Pedregulhal,Mogi Guaçu,13845-190,(19) 3818-0396,(19) 3818-0396,mogiguacu_cetesb@sp.gov.br,https://licenciamento.cetesb.sp.gov.br/municipioss.asp?muni=MOGI%20GUA%C7U
3530607,Mogi das Cruzes,Agência Ambiental de Mogi das Cruzes,Rua Francisco Franco,,133,Centro,Mogi das Cruzes,08710-590,(11) 4723-2130,,mogi_cetesb@sp.gov.br,https://licenciamento.cetesb.sp.gov.br/municipioss.asp?muni=MOGI%20DAS%20CRUZES
3530805,Mogi Mirim,Agência Ambiental de Mogi Guaçu,Rua Hugo Pancieira,,400,Pedregulhal,Mogi Guaçu,13845-190,(19) 3818-0396,(19) 3818-0396,mogiguacu_cetesb@sp.gov.br,https://licenciamento.cetesb.sp.gov.br/municipioss.asp?muni=MOGI-MIRIM
3530904,Mombuca,Agência Ambiental de Campinas,Avenida Brasil,,2340,Jardim Chapadão,Campinas,13070-178,(19) 3241-1744,,campinas_cetesb@sp.gov.br,https://licenciamento.cetesb.sp.gov.br/municipioss.asp?muni=MOMBUCA
3531001,Monções,Agência Ambiental de Votuporanga,Avenida Deputado Aureo Ferreira,,1724,Vila Paes,Votuporanga,15500-112,(17) 3421-4004,(17) 3421-4004,votuporanga_cetesb@sp.gov.br,https://licenciamento.cetesb.sp.gov.br/municipioss.asp?muni=MON%C7%D5ES
3531100,Mongaguá,Agência Ambiental de Santos,Rua Delfim Moreira,,56,Embaré,Santos,11040-100,(13) 3227-7767,(13) 3227-7767,santos_cetesb@sp.gov.br,https://licenciamento.cetesb.sp.gov.br/municipioss.asp?muni=MONGAGU%C1
3531209,Monte Alegre do Sul,Agência Ambiental de Paulínia,Rua Angelo Varandas,,550,Jardim Santa Terezinha,Paulínia,13140-802,(19) 3844-0466,(19) 3844-0466,paulinia_cetesb@sp.gov.br,https://licenciamento.cetesb.sp.gov.br/municipioss.asp?muni=MONTE%20ALEGRE%20DO%20SUL
3531308,Monte Alto,Agência Ambiental de Jaboticabal,Avenida Angelo Morello,,60,Jardim Santa Rosa,Jaboticabal,14875-290,(16) 3203-9400,(16) 3203-9400,jaboticabal_cetesb@sp.gov.br,https://licenciamento.cetesb.sp.gov.br/municipioss.asp?muni=MONTE%20ALTO
3531407,Monte Aprazível,Agência Ambiental de Votuporanga,Avenida Deputado Aureo Ferreira,,1724,Vila Paes,Votuporanga,15500-112,(17) 3421-4004,(17) 3421-4004,votuporanga_cetesb@sp.gov.br,https://licenciamento.cetesb.sp.gov.br/municipioss.asp?muni=MONTE%20APRAZ%CDVEL
3531506,Monte Azul Paulista,Agência Ambiental de Barretos,Rua 30,,564,Centro,Barretos,14780-120,(17) 3323-1790,,barretos_cetesb@sp.gov.br,https://licenciamento.cetesb.sp.gov.br/municipioss.asp?muni=MONTE%20AZUL%20PAULISTA
3531605,Monte Castelo,Agência Ambiental de Dracena,Rua Tomé de Souza,,438,Centro,Dracena,17900-000,(18) 3822-3166,(18) 3822-3166,dracena_cetesb@sp.gov.br,https://licenciamento.cetesb.sp.gov.br/municipioss.asp?muni=MONTE%20CASTELO
3531803,Monte Mor,Agência Ambiental de Campinas,Avenida Brasil,,2340,Jardim Chapadão,Campinas,13070-178,(19) 3241-1744,,campinas_cetesb@sp.gov.br,https://licenciamento.cetesb.sp.gov.br/municipioss.asp?muni=MONTE%20MOR
3531704,Monteiro Lobato,Agência Ambiental de São José dos Campos,Avenida Olivo Gomes,,100,Parque da Cidade/Santana,São José dos Campos,12211-115,(12) 3911-9536,(12) 3911-9536,sjcampos_cetesb@sp.gov.br,https://licenciamento.cetesb.sp.gov.br/municipioss.asp?muni=MONTEIRO%20LOBATO
3531902,Morro Agudo,Agência Ambiental de Ribeirão Preto,Avenida Presidente Kennedy,,1760,Ribeirânia,Ribeirão Preto,14096-350,(16) 3617-4700,(16) 3617-4207,ribeirao_cetesb@sp.gov.br,https://licenciamento.cetesb.sp.gov.br/municipioss.asp?muni=MORRO%20AGUDO
3532009,Morungaba,Agência Ambiental de Paulínia,Rua Angelo Varandas,,550,Jardim Santa Terezinha,Paulínia,13140-802,(19) 3844-0466,(19) 3844-0466,paulinia_cetesb@sp.gov.br,https://licenciamento.cetesb.sp.gov.br/municipioss.asp?muni=MORUNGABA
3532058,Motuca,Agência Ambiental de Araraquara,Avenida Castro Alves,,1271,Carmo,Araraquara,14800-140,(16) 3332-2211,(16) 3332-2211,araraquara_cetesb@sp.gov.br,https://licenciamento.cetesb.sp.gov.br/municipioss.asp?muni=MOTUCA
3532108,Murutinga do Sul,Agência Ambiental de Dracena,Rua Tomé de Souza,,438,Centro,Dracena,17900-000,(18) 3822-3166,(18) 3822-3166,dracena_cetesb@sp.gov.br,https://licenciamento.cetesb.sp.gov.br/municipioss.asp?muni=MURUTINGA%20DO%20SUL
3532157,Nantes,Agência Ambiental de Presidente Prudente,Rua João Gonçalves Foz,,1736A,Jardim das Rosas,Presidente Prudente,19060-050,(18) 3223-5001,,prudente_cetesb@sp.gov.br,https://licenciamento.cetesb.sp.gov.br/municipioss.asp?muni=NANTES
3532207,Narandiba,Agência Ambiental de Presidente Prudente,Rua João Gonçalves Foz,,1736A,Jardim das Rosas,Presidente Prudente,19060-050,(18) 3223-5001,,prudente_cetesb@sp.gov.br,https://licenciamento.cetesb.sp.gov.br/municipioss.asp?muni=NARANDIBA
3532306,Natividade da Serra,Agência Ambiental de Taubaté,Avenida Itambé,,38,Santa Luzia,Taubaté,12091-200,(12) 3634-8222,(12) 3634-8234,taubate_cetesb@sp.gov.br,https://licenciamento.cetesb.sp.gov.br/municipioss.asp?muni=NATIVIDADE%20DA%20SERRA
3532405,Nazaré Paulista,Agência Ambiental de Atibaia,Rua Castro Fafe,,295,Centro,Atibaia,12940-440,(11) 4411-6466,(11) 4411-6466,atibaia_cetesb@sp.gov.br,https://licenciamento.cetesb.sp.gov.br/municipioss.asp?muni=NAZAR%C9%20PAULISTA
3532504,Neves Paulista,Agência Ambiental de São José do Rio Preto,Avenida Floriano André Cabrera,,,Residencial Cidade Jardim - Jardim São Marcos,São José do Rio Preto,15081-490,(17) 3218-4300,(17) 3218-4300,riopreto_cetesb@sp.gov.br,https://licenciamento.cetesb.sp.gov.br/municipioss.asp?muni=NEVES%20PAULISTA
3532603,Nhandeara,Agência Ambiental de Votuporanga,Avenida Deputado Aureo Ferreira,,1724,Vila Paes,Votuporanga,15500-112,(17) 3421-4004,(17) 3421-4004,votuporanga_cetesb@sp.gov.br,https://licenciamento.cetesb.sp.gov.br/municipioss.asp?muni=NHANDEARA
3532702,Nipoã,Agência Ambiental de São José do Rio Preto,Avenida Floriano André Cabrera,,,Residencial Cidade Jardim - Jardim São Marcos,São José do Rio Preto,15081-490,(17) 3218-4300,(17) 3218-4300,riopreto_cetesb@sp.gov.br,https://licenciamento.cetesb.sp.gov.br/municipioss.asp?muni=NIPO%C3
3532801,Nova Aliança,Agência Ambiental de São José do Rio Preto,Avenida Floriano André Cabrera,,,Residencial Cidade Jardim - Jardim São Marcos,São José do Rio Preto,15081-490,(17) 3218-4300,(17) 3218-4300,riopreto_cetesb@sp.gov.br,https://licenciamento.cetesb.sp.gov.br/municipioss.asp?muni=NOVA%20ALIAN%C7A
3532827,Nova Campina,Agência Ambiental de Capão Bonito,Rua Denise,,131,Terras de Imbirucu,Capão Bonito,18304-700,(15) 3542-3173,(15) 3542-3173,capaobonito_cetesb@sp.gov.br,https://licenciamento.cetesb.sp.gov.br/municipioss.asp?muni=NOVA%20CAMPINA
3532843,Nova Canaã Paulista,Agência Ambiental de Jales,Rua Nova Iorque,,1016,Jardim Monterey,Jales,15703-326,(17) 3621-1042,(17) 3621-1042,jales_cetesb@sp.gov.br,https://licenciamento.cetesb.sp.gov.br/municipioss.asp?muni=NOVA%20CANA%C3%20PAULISTA
3532868,Nova Castilho,Agência Ambiental de Votuporanga,Avenida Deputado Aureo Ferreira,,1724,Vila Paes,Votuporanga,15500-112,(17) 3421-4004,(17) 3421-4004,votuporanga_cetesb@sp.gov.br,https://licenciamento.cetesb.sp.gov.br/municipioss.asp?muni=NOVA%20CASTILHO
3532900,Nova Europa,Agência Ambiental de Araraquara,Avenida Castro Alves,,1271,Carmo,Araraquara,14800-140,(16) 3332-2211,(16) 3332-2211,araraquara_cetesb@sp.gov.br,https://licenciamento.cetesb.sp.gov.br/municipioss.asp?muni=NOVA%20EUROPA
3533007,Nova Granada,Agência Ambiental de São José do Rio Preto,Avenida Floriano André Cabrera,,,Residencial Cidade Jardim - Jardim São Marcos,São José do Rio Preto,15081-490,(17) 3218-4300,(17) 3218-4300,riopreto_cetesb@sp.gov.br,https://licenciamento.cetesb.sp.gov.br/municipioss.asp?muni=NOVA%20GRANADA
3533106,Nova Guataporanga,Agência Ambiental de Dracena,Rua Tomé de Souza,,438,Centro,Dracena,17900-000,(18) 3822-3166,(18) 3822-3166,dracena_cetesb@sp.gov.br,https://licenciamento.cetesb.sp.gov.br/municipioss.asp?muni=NOVA%20GUATAPORANGA
3533205,Nova Independência,Agência Ambiental de Dracena,Rua Tomé de Souza,,438,Centro,Dracena,17900-000,(18) 3822-3166,(18) 3822-3166,dracena_cetesb@sp.gov.br,https://licenciamento.cetesb.sp.gov.br/municipioss.asp?muni=NOVA%20INDEPEND%CANCIA
3533304,Nova Luzitânia,Agência Ambiental de Araçatuba,Rua Tenente Alcides Teodoro dos Santos,,260,Aviação,Araçatuba,16055-557,(18) 3608-8053,(18) 3608-7197,aracatuba_cetesb@sp.gov.br,https://licenciamento.cetesb.sp.gov.br/municipioss.asp?muni=NOVA%20LUZIT%C2NIA
3533403,Nova Odessa,Agência Ambiental de Americana,Rua Florindo Cibin,,435,Vila Medon,Americana,13465-230,(19) 3461-1550,(19) 3461-1550,americana_cetesb@sp.gov.br,https://licenciamento.cetesb.sp.gov.br/municipioss.asp?muni=NOVA%20ODESSA
3533254,Novais,Agência Ambiental de São José do Rio Preto,Avenida Floriano André Cabrera,,,Residencial Cidade Jardim - Jardim São Marcos,São José do Rio Preto,15081-490,(17) 3218-4300,(17) 3218-4300,riopreto_cetesb@sp.gov.br,https://licenciamento.cetesb.sp.gov.br/municipioss.asp?muni=NOVAIS
3533502,Novo Horizonte,Agência Ambiental de São José do Rio Preto,Avenida Floriano André Cabrera,,,Residencial Cidade Jardim - Jardim São Marcos,São José do Rio Preto,15081-490,(17) 3218-4300,(17) 3218-4300,riopreto_cetesb@sp.gov.br,https://licenciamento.cetesb.sp.gov.br/municipioss.asp?muni=NOVO%20HORIZONTE
3533601,Nuporanga,Agência Ambiental de Ribeirão Preto,Avenida Presidente Kennedy,,1760,Ribeirânia,Ribeirão Preto,14096-350,(16) 3617-4700,(16) 3617-4207,ribeirao_cetesb@sp.gov.br,https://licenciamento.cetesb.sp.gov.br/municipioss.asp?muni=NUPORANGA
3533700,Ocauçu,Agência Ambiental de Assis,Via Chico Mendes,,75,Quinta dos Flamboyants,Assis,19810-005,(18) 3324-4177,(18) 3324-4177,assis_cetesb@sp.gov.br,https://licenciamento.cetesb.sp.gov.br/municipioss.asp?muni=OCAU%C7U
3533809,Óleo,Agência Ambiental de Assis,Via Chico Mendes,,75,Quinta dos Flamboyants,Assis,19810-005,(18) 3324-4177,(18) 3324-4177,assis_cetesb@sp.gov.br,https://licenciamento.cetesb.sp.gov.br/municipioss.asp?muni=%D3LEO
3533908,Olímpia,Agência Ambiental de Barretos,Rua 30,,564,Centro,Barretos,14780-120,(17) 3323-1790,,barretos_cetesb@sp.gov.br,https://licenciamento.cetesb.sp.gov.br/municipioss.asp?muni=OL%CDMPIA
3534005,Onda Verde,Agência Ambiental de São José do Rio Preto,Avenida Floriano André Cabrera,,,Residencial Cidade Jardim - Jardim São Marcos,São José do Rio Preto,15081-490,(17) 3218-4300,(17) 3218-4300,riopreto_cetesb@sp.gov.br,https://licenciamento.cetesb.sp.gov.br/municipioss.asp?muni=ONDA%20VERDE
3534104,Oriente,Agência Ambiental de Marília,Rua Santa Helena,,436,Jardim Alvorada,Marília,17513-322,(14) 3422-4666,(14) 3422-4666,marilia_cetesb@sp.gov.br,https://licenciamento.cetesb.sp.gov.br/municipioss.asp?muni=ORIENTE
3534203,Orindiúva,Agência Ambiental de Votuporanga,Avenida Deputado Aureo Ferreira,,1724,Vila Paes,Votuporanga,15500-112,(17) 3421-4004,(17) 3421-4004,votuporanga_cetesb@sp.gov.br,https://licenciamento.cetesb.sp.gov.br/municipioss.asp?muni=ORINDI%DAVA
3534302,Orlândia,Agência Ambiental de Ribeirão Preto,Avenida Presidente Kennedy,,1760,Ribeirânia,Ribeirão Preto,14096-350,(16) 3617-4700,(16) 3617-4207,ribeirao_cetesb@sp.gov.br,https://licenciamento.cetesb.sp.gov.br/municipioss.asp?muni=ORL%C2NDIA
3534401,Osasco,Agência Ambiental de Osasco,Rua Anete Queiroz Lacerda,,80,Jardim Bonfiglioli,São Paulo,05591-080,(11) 3721-9600,(11) 3721-9600,osasco_cetesb@sp.gov.br,https://licenciamento.cetesb.sp.gov.br/municipioss.asp?muni=OSASCO
3534500,Oscar Bressane,Agência Ambiental de Assis,Via Chico Mendes,,75,Quinta dos Flamboyants,Assis,19810-005,(18) 3324-4177,(18) 3324-4177,assis_cetesb@sp.gov.br,https://licenciamento.cetesb.sp.gov.br/municipioss.asp?muni=OSCAR%20BRESSANE
3534609,Osvaldo Cruz,Agência Ambiental de Dracena,Rua Tomé de Souza,,438,Centro,Dracena,17900-000,(18) 3822-3166,(18) 3822-3166,dracena_cetesb@sp.gov.br,https://licenciamento.cetesb.sp.gov.br/municipioss.asp?muni=OSVALDO%20CRUZ
3534708,Ourinhos,Agência Ambiental de Assis,Via Chico Mendes,,75,Quinta dos Flamboyants,Assis,19810-005,(18) 3324-4177,(18) 3324-4177,assis_cetesb@sp.gov.br,https://licenciamento.cetesb.sp.gov.br/municipioss.asp?muni=OURINHOS
3534807,Ouro Verde,Agência Ambiental de Dracena,Rua Tomé de Souza,,438,Centro,Dracena,17900-000,(18) 3822-3166,(18) 3822-3166,dracena_cetesb@sp.gov.br,https://licenciamento.cetesb.sp.gov.br/municipioss.asp?muni=OURO%20VERDE
3534757,Ouroeste,Agência Ambiental de Jales,Rua Nova Iorque,,1016,Jardim Monterey,Jales,15703-326,(17) 3621-1042,(17) 3621-1042,jales_cetesb@sp.gov.br,https://licenciamento.cetesb.sp.gov.br/municipioss.asp?muni=OUROESTE
3534906,Pacaembu,Agência Ambiental de Dracena,Rua Tomé de Souza,,438,Centro,Dracena,17900-000,(18) 3822-3166,(18) 3822-3166,dracena_cetesb@sp.gov.br,https://licenciamento.cetesb.sp.gov.br/municipioss.asp?muni=PACAEMBU
3535002,Palestina,Agência Ambiental de São José do Rio Preto,Avenida Floriano André Cabrera,,,Residencial Cidade Jardim - Jardim São Marcos,São José do Rio Preto,15081-490,(17) 3218-4300,(17) 3218-4300,riopreto_cetesb@sp.gov.br,https://licenciamento.cetesb.sp.gov.br/municipioss.asp?muni=PALESTINA
3535101,Palmares Paulista,Agência Ambiental de São José do Rio Preto,Avenida Floriano André Cabrera,,,Residencial Cidade Jardim - Jardim São Marcos,São José do Rio Preto,15081-490,(17) 3218-4300,(17) 3218-4300,riopreto_cetesb@sp.gov.br,https://licenciamento.cetesb.sp.gov.br/municipioss.asp?muni=PALMARES%20PAULISTA
3535200,Palmeira d'Oeste,Agência Ambiental de Jales,Rua Nova Iorque,,1016,Jardim Monterey,Jales,15703-326,(17) 3621-1042,(17) 3621-1042,jales_cetesb@sp.gov.br,https://licenciamento.cetesb.sp.gov.br/municipioss.asp?muni=PALMEIRA%20D%60OESTE
3535309,Palmital,Agência Ambiental de Assis,Via Chico Mendes,,75,Quinta dos Flamboyants,Assis,19810-005,(18) 3324-4177,(18) 3324-4177,assis_cetesb@sp.gov.br,https://licenciamento.cetesb.sp.gov.br/municipioss.asp?muni=PALMITAL
3535408,Panorama,Agência Ambiental de Dracena,Rua Tomé de Souza,,438,Centro,Dracena,17900-000,(18) 3822-3166,(18) 3822-3166,dracena_cetesb@sp.gov.br,https://licenciamento.cetesb.sp.gov.br/municipioss.asp?muni=PANORAMA
3535507,Paraguaçu Paulista,Agência Ambiental de Assis,Via Chico Mendes,,75,Quinta dos Flamboyants,Assis,19810-005,(18) 3324-4177,(18) 3324-4177,assis_cetesb@sp.gov.br,https://licenciamento.cetesb.sp.gov.br/municipioss.asp?muni=PARAGUA%C7U%20PAULISTA
3535606,Paraibuna,Agência Ambiental de São José dos Campos,Avenida Olivo Gomes,,100,Parque da Cidade/Santana,São José dos Campos,12211-115,(12) 3911-9536,(12) 3911-9536,sjcampos_cetesb@sp.gov.br,https://licenciamento.cetesb.sp.gov.br/municipioss.asp?muni=PARAIBUNA
3535705,Paraíso,Agência Ambiental de São José do Rio Preto,Avenida Floriano André Cabrera,,,Residencial Cidade Jardim - Jardim São Marcos,São José do Rio Preto,15081-490,(17) 3218-4300,(17) 3218-4300,riopreto_cetesb@sp.gov.br,https://licenciamento.cetesb.sp.gov.br/municipioss.asp?muni=PARA%CDSO
3535804,Paranapanema,Agência Ambiental de Avaré,Avenida Governador Mário Covas,,525,Vila Industrial,Avaré,18705-851,(14) 3732-4900,,avare_cetesb@sp.gov.br,https://licenciamento.cetesb.sp.gov.br/municipioss.asp?muni=PARANAPANEMA
3535903,Paranapuã,Agência Ambiental de Jales,Rua Nova Iorque,,1016,Jardim Monterey,Jales,15703-326,(17) 3621-1042,(17) 3621-1042,jales_cetesb@sp.gov.br,https://licenciamento.cetesb.sp.gov.br/municipioss.asp?muni=PARANAPU%C3
3536000,Parapuã,Agência Ambiental de Marília,Rua Santa Helena,,436,Jardim Alvorada,Marília,17513-322,(14) 3422-4666,(14) 3422-4666,marilia_cetesb@sp.gov.br,https://licenciamento.cetesb.sp.gov.br/municipioss.asp?muni=PARAPU%C3
3536109,Pardinho,Agência Ambiental de Botucatu,Rua Lourenço Carmelo,,180,Jardim Paraíso,Botucatu,18610-265,(14) 3882-1134,(14) 3882-1134,botucatu_cetesb@sp.gov.br,https://licenciamento.cetesb.sp.gov.br/municipioss.asp?muni=PARDINHO
3536208,Pariquera-Açu,Agência Ambiental de Registro,Rua São Bento,,249,Jardim São Nicolau,Registro,11900-000,(13) 3822-3855,(13) 3822-4437,registro_cetesb@sp.gov.br,https://licenciamento.cetesb.sp.gov.br/municipioss.asp?muni=PARIQUERA-A%C7U
3536257,Parisi,Agência Ambiental de Votuporanga,Avenida Deputado Aureo Ferreira,,1724,Vila Paes,Votuporanga,15500-112,(17) 3421-4004,(17) 3421-4004,votuporanga_cetesb@sp.gov.br,https://licenciamento.cetesb.sp.gov.br/municipioss.asp?muni=PARISI
3536307,Patrocínio Paulista,Agência Ambiental de Franca,Avenida Dr. Flávio Rocha,,4551,Parque dos Pinhais,Franca,14405-600,(16) 3724-5922,(16) 3724-5922,franca_cetesb@sp.gov.br,https://licenciamento.cetesb.sp.gov.br/municipioss.asp?muni=PATROC%CDNIO%20PAULISTA
3536406,Paulicéia,Agência Ambiental de Dracena,Rua Tomé de Souza,,438,Centro,Dracena,17900-000,(18) 3822-3166,(18) 3822-3166,dracena_cetesb@sp.gov.br,https://licenciamento.cetesb.sp.gov.br/municipioss.asp?muni=PAULIC%C9IA
3536505,Paulínia,Agência Ambiental de Paulínia,Rua Angelo Varandas,,550,Jardim Santa Terezinha,Paulínia,13140-802,(19) 3844-0466,(19) 3844-0466,paulinia_cetesb@sp.gov.br,https://licenciamento.cetesb.sp.gov.br/municipioss.asp?muni=PAUL%CDNIA
3536570,Paulistânia,Agência Ambiental de Bauru,Avenida Rodrigues Alves,Quadra 38,138,Vila Coralina,Bauru,17030-000,(14) 3203-2058,(14) 3203-2344,bauru_cetesb@sp.gov.br,https://licenciamento.cetesb.sp.gov.br/municipioss.asp?muni=PAULIST%C2NIA
3536604,Paulo de Faria,Agência Ambiental de Votuporanga,Avenida Deputado Aureo Ferreira,,1724,Vila Paes,Votuporanga,15500-112,(17) 3421-4004,(17) 3421-4004,votuporanga_cetesb@sp.gov.br,https://licenciamento.cetesb.sp.gov.br/municipioss.asp?muni=PAULO%20DE%20FARIA
3536703,Pederneiras,Agência Ambiental de Bauru,Avenida Rodrigues Alves,Quadra 38,138,Vila Coralina,Bauru,17030-000,(14) 3203-2058,(14) 3203-2344,bauru_cetesb@sp.gov.br,https://licenciamento.cetesb.sp.gov.br/municipioss.asp?muni=PEDERNEIRAS
3536802,Pedra Bela,Agência Ambiental de Atibaia,Rua Castro Fafe,,295,Centro,Atibaia,12940-440,(11) 4411-6466,(11) 4411-6466,atibaia_cetesb@sp.gov.br,https://licenciamento.cetesb.sp.gov.br/municipioss.asp?muni=PEDRA%20BELA
3536901,Pedranópolis,Agência Ambiental de Votuporanga,Avenida Deputado Aureo Ferreira,,1724,Vila Paes,Votuporanga,15500-112,(17) 3421-4004,(17) 3421-4004,votuporanga_cetesb@sp.gov.br,https://licenciamento.cetesb.sp.gov.br/municipioss.asp?muni=PEDRAN%D3POLIS
3537008,Pedregulho,Agência Ambiental de Franca,Avenida Dr. Flávio Rocha,,4551,Parque dos Pinhais,Franca,14405-600,(16) 3724-5922,(16) 3724-5922,franca_cetesb@sp.gov.br,https://licenciamento.cetesb.sp.gov.br/municipioss.asp?muni=PEDREGULHO
3537107,Pedreira,Agência Ambiental de Paulínia,Rua Angelo Varandas,,550,Jardim Santa Terezinha,Paulínia,13140-802,(19) 3844-0466,(19) 3844-0466,paulinia_cetesb@sp.gov.br,https://licenciamento.cetesb.sp.gov.br/municipioss.asp?muni=PEDREIRA
3537156,Pedrinhas Paulista,Agência Ambiental de Assis,Via Chico Mendes,,75,Quinta dos Flamboyants,Assis,19810-005,(18) 3324-4177,(18) 3324-4177,assis_cetesb@sp.gov.br,https://licenciamento.cetesb.sp.gov.br/municipioss.asp?muni=PEDRINHAS%20PAULISTA
3537206,Pedro de Toledo,Agência Ambiental de Registro,Rua São Bento,,249,Jardim São Nicolau,Registro,11900-000,(13) 3822-3855,(13) 3822-4437,registro_cetesb@sp.gov.br,https://licenciamento.cetesb.sp.gov.br/municipioss.asp?muni=PEDRO%20DE%20TOLEDO
3537305,Penápolis,Agência Ambiental de Araçatuba,Rua Tenente Alcides Teodoro dos Santos,,260,Aviação,Araçatuba,16055-557,(18) 3608-8053,(18) 3608-7197,aracatuba_cetesb@sp.gov.br,https://licenciamento.cetesb.sp.gov.br/municipioss.asp?muni=PEN%C1POLIS
3537404,Pereira Barreto,Agência Ambiental de Jales,Rua Nova Iorque,,1016,Jardim Monterey,Jales,15703-326,(17) 3621-1042,(17) 3621-1042,jales_cetesb@sp.gov.br,https://licenciamento.cetesb.sp.gov.br/municipioss.asp?muni=PEREIRA%20BARRETO
3537503,Pereiras,Agência Ambiental de Botucatu,Rua Lourenço Carmelo,,180,Jardim Paraíso,Botucatu,18610-265,(14) 3882-1134,(14) 3882-1134,botucatu_cetesb@sp.gov.br,https://licenciamento.cetesb.sp.gov.br/municipioss.asp?muni=PEREIRAS
3537602,Peruíbe,Agência Ambiental de Santos,Rua Delfim Moreira,,56,Embaré,Santos,11040-100,(13) 3227-7767,(13) 3227-7767,santos_cetesb@sp.gov.br,https://licenciamento.cetesb.sp.gov.br/municipioss.asp?muni=PERU%CDBE
3537701,Piacatu,Agência Ambiental de Araçatuba,Rua Tenente Alcides Teodoro dos Santos,,260,Aviação,Araçatuba,16055-557,(18) 3608-8053,(18) 3608-7197,aracatuba_cetesb@sp.gov.br,https://licenciamento.cetesb.sp.gov.br/municipioss.asp?muni=PIACATU
3537800,Piedade,Agência Ambiental de Sorocaba,Rua Epitácio Pessoa,,269,Além Ponte,Sorocaba,18013-190,(15) 3222-2065,(15) 3222-2065,sorocaba_cetesb@sp.gov.br,https://licenciamento.cetesb.sp.gov.br/municipioss.asp?muni=PIEDADE
3537909,Pilar do Sul,Agência Ambiental de Sorocaba,Rua Epitácio Pessoa,,269,Além Ponte,Sorocaba,18013-190,(15) 3222-2065,(15) 3222-2065,sorocaba_cetesb@sp.gov.br,https://licenciamento.cetesb.sp.gov.br/municipioss.asp?muni=PILAR%20DO%20SUL
3538006,Pindamonhangaba,Agência Ambiental de Taubaté,Avenida Itambé,,38,Santa Luzia,Taubaté,12091-200,(12) 3634-8222,(12) 3634-8234,taubate_cetesb@sp.gov.br,https://licenciamento.cetesb.sp.gov.br/municipioss.asp?muni=PINDAMONHANGABA
3538105,Pindorama,Agência Ambiental de São José do Rio Preto,Avenida Floriano André Cabrera,,,Residencial Cidade Jardim - Jardim São Marcos,São José do Rio Preto,15081-490,(17) 3218-4300,(17) 3218-4300,riopreto_cetesb@sp.gov.br,https://licenciamento.cetesb.sp.gov.br/municipioss.asp?muni=PINDORAMA
3538204,Pinhalzinho,Agência Ambiental de Atibaia,Rua Castro Fafe,,295,Centro,Atibaia,12940-440,(11) 4411-6466,(11) 4411-6466,atibaia_cetesb@sp.gov.br,https://licenciamento.cetesb.sp.gov.br/municipioss.asp?muni=PINHALZINHO
3538303,Piquerobi,Agência Ambiental de Presidente Prudente,Rua João Gonçalves Foz,,1736A,Jardim das Rosas,Presidente Prudente,19060-050,(18) 3223-5001,,prudente_cetesb@sp.gov.br,https://licenciamento.cetesb.sp.gov.br/municipioss.asp?muni=PIQUEROBI
3538501,Piquete,Agência Ambiental de Taubaté,Avenida Itambé,,38,Santa Luzia,Taubaté,12091-200,(12) 3634-8222,(12) 3634-8234,taubate_cetesb@sp.gov.br,https://licenciamento.cetesb.sp.gov.br/municipioss.asp?muni=PIQUETE
3538600,Piracaia,Agência Ambiental de Atibaia,Rua Castro Fafe,,295,Centro,Atibaia,12940-440,(11) 4411-6466,(11) 4411-6466,atibaia_cetesb@sp.gov.br,https://licenciamento.cetesb.sp.gov.br/municipioss.asp?muni=PIRACAIA
3538709,Piracicaba,Agência Ambiental de Piracicaba,Rua do Rosário,,566,Centro,Piracicaba,13400-183,(19) 3402-6863,(19) 3402-6863,piracicaba_cetesb@sp.gov.br,https://licenciamento.cetesb.sp.gov.br/municipioss.asp?muni=PIRACICABA
3538808,Piraju,Agência Ambiental de Avaré,Avenida Governador Mário Covas,,525,Vila Industrial,Avaré,18705-851,(14) 3732-4900,,avare_cetesb@sp.gov.br,https://licenciamento.cetesb.sp.gov.br/municipioss.asp?muni=PIRAJU
3538907,Pirajuí,Agência Ambiental de Bauru,Avenida Rodrigues Alves,Quadra 38,138,Vila Coralina,Bauru,17030-000,(14) 3203-2058,(14) 3203-2344,bauru_cetesb@sp.gov.br,https://licenciamento.cetesb.sp.gov.br/municipioss.asp?muni=PIRAJU%CD
3539004,Pirangi,Agência Ambiental de Barretos,Rua 30,,564,Centro,Barretos,14780-120,(17) 3323-1790,,barretos_cetesb@sp.gov.br,https://licenciamento.cetesb.sp.gov.br/municipioss.asp?muni=PIRANGI
3539103,Pirapora do Bom Jesus,Agência Ambiental de Osasco,Rua Anete Queiroz Lacerda,,80,Jardim Bonfiglioli,São Paulo,05591-080,(11) 3721-9600,(11) 3721-9600,osasco_cetesb@sp.gov.br,https://licenciamento.cetesb.sp.gov.br/municipioss.asp?muni=PIRAPORA%20DO%20BOM%20JESUS
3539202,Pirapozinho,Agência Ambiental de Presidente Prudente,Rua João Gonçalves Foz,,1736A,Jardim das Rosas,Presidente Prudente,19060-050,(18) 3223-5001,,prudente_cetesb@sp.gov.br,https://licenciamento.cetesb.sp.gov.br/municipioss.asp?muni=PIRAPOZINHO
3539301,Pirassununga,Agência Ambiental de São Carlos,Avenida das Azaléias,,700,Cidade Jardim,São Carlos,13566-500,(16) 3361-2004,(16) 3361-2004,saocarlos_cetesb@sp.gov.br,https://licenciamento.cetesb.sp.gov.br/municipioss.asp?muni=PIRASSUNUNGA
3539400,Piratininga,Agência Ambiental de Bauru,Avenida Rodrigues Alves,Quadra 38,138,Vila Coralina,Bauru,17030-000,(14) 3203-2058,(14) 3203-2344,bauru_cetesb@sp.gov.br,https://licenciamento.cetesb.sp.gov.br/municipioss.asp?muni=PIRATININGA
3539509,Pitangueiras,Agência Ambiental de Jaboticabal,Avenida Angelo Morello,,60,Jardim Santa Rosa,Jaboticabal,14875-290,(16) 3203-9400,(16) 3203-9400,jaboticabal_cetesb@sp.gov.br,https://licenciamento.cetesb.sp.gov.br/municipioss.asp?muni=PITANGUEIRAS
3539608,Planalto,Agência Ambiental de Araçatuba,Rua Tenente Alcides Teodoro dos Santos,,260,Aviação,Araçatuba,16055-557,(18) 3608-8053,(18) 3608-7197,aracatuba_cetesb@sp.gov.br,https://licenciamento.cetesb.sp.gov.br/municipioss.asp?muni=PLANALTO
3539707,Platina,Agência Ambiental de Assis,Via Chico Mendes,,75,Quinta dos Flamboyants,Assis,19810-005,(18) 3324-4177,(18) 3324-4177,assis_cetesb@sp.gov.br,https://licenciamento.cetesb.sp.gov.br/municipioss.asp?muni=PLATINA
3539806,Poá,Agência Ambiental de Mogi das Cruzes,Rua Francisco Franco,,133,Centro,Mogi das Cruzes,08710-590,(11) 4723-2130,,mogi_cetesb@sp.gov.br,https://licenciamento.cetesb.sp.gov.br/municipioss.asp?muni=PO%C1
3539905,Poloni,Agência Ambiental de Votuporanga,Avenida Deputado Aureo Ferreira,,1724,Vila Paes,Votuporanga,15500-112,(17) 3421-4004,(17) 3421-4004,votuporanga_cetesb@sp.gov.br,https://licenciamento.cetesb.sp.gov.br/municipioss.asp?muni=POLONI
3540002,Pompéia,Agência Ambiental de Marília,Rua Santa Helena,,436,Jardim Alvorada,Marília,17513-322,(14) 3422-4666,(14) 3422-4666,marilia_cetesb@sp.gov.br,https://licenciamento.cetesb.sp.gov.br/municipioss.asp?muni=POMP%C9IA
3540101,Pongaí,Agência Ambiental de Marília,Rua Santa Helena,,436,Jardim Alvorada,Marília,17513-322,(14) 3422-4666,(14) 3422-4666,marilia_cetesb@sp.gov.br,https://licenciamento.cetesb.sp.gov.br/municipioss.asp?muni=PONGA%CD
3540200,Pontal,Agência Ambiental de Ribeirão Preto,Avenida Presidente Kennedy,,1760,Ribeirânia,Ribeirão Preto,14096-350,(16) 3617-4700,(16) 3617-4207,ribeirao_cetesb@sp.gov.br,https://licenciamento.cetesb.sp.gov.br/municipioss.asp?muni=PONTAL
3540259,Pontalinda,Agência Ambiental de Jales,Rua Nova Iorque,,1016,Jardim Monterey,Jales,15703-326,(17) 3621-1042,(17) 3621-1042,jales_cetesb@sp.gov.br,https://licenciamento.cetesb.sp.gov.br/municipioss.asp?muni=PONTALINDA
3540309,Pontes Gestal,Agência Ambiental de Votuporanga,Avenida Deputado Aureo Ferreira,,1724,Vila Paes,Votuporanga,15500-112,(17) 3421-4004,(17) 3421-4004,votuporanga_cetesb@sp.gov.br,https://licenciamento.cetesb.sp.gov.br/municipioss.asp?muni=PONTES%20GESTAL
3540408,Populina,Agência Ambiental de Jales,Rua Nova Iorque,,1016,Jardim Monterey,Jales,15703-326,(17) 3621-1042,(17) 3621-1042,jales_cetesb@sp.gov.br,https://licenciamento.cetesb.sp.gov.br/municipioss.asp?muni=POPULINA
3540507,Porangaba,Agência Ambiental de Botucatu,Rua Lourenço Carmelo,,180,Jardim Paraíso,Botucatu,18610-265,(14) 3882-1134,(14) 3882-1134,botucatu_cetesb@sp.gov.br,https://licenciamento.cetesb.sp.gov.br/municipioss.asp?muni=PORANGABA
3540606,Porto Feliz,Agência Ambiental de Itu,Rua Santa Rita,,1165,Centro,Itu,13300-065,(11) 4013-3419,(11) 4013-3419,itu_cetesb@sp.gov.br,https://licenciamento.cetesb.sp.gov.br/municipioss.asp?muni=PORTO%20FELIZ
3540705,Porto Ferreira,Agência Ambiental de Ribeirão Preto,Avenida Presidente Kennedy,,1760,Ribeirânia,Ribeirão Preto,14096-350,(16) 3617-4700,(16) 3617-4207,ribeirao_cetesb@sp.gov.br,https://licenciamento.cetesb.sp.gov.br/municipioss.asp?muni=PORTO%20FERREIRA
3540754,Potim,Agência Ambiental de Taubaté,Avenida Itambé,,38,Santa Luzia,Taubaté,12091-200,(12) 3634-8222,(12) 3634-8234,taubate_cetesb@sp.gov.br,https://licenciamento.cetesb.sp.gov.br/municipioss.asp?muni=POTIM
3540804,Potirendaba,Agência Ambiental de São José do Rio Preto,Avenida Floriano André Cabrera,,,Residencial Cidade Jardim - Jardim São Marcos,São José do Rio Preto,15081-490,(17) 3218-4300,(17) 3218-4300,riopreto_cetesb@sp.gov.br,https://licenciamento.cetesb.sp.gov.br/municipioss.asp?muni=POTIRENDABA
3540853,Pracinha,Agência Ambiental de Dracena,Rua Tomé de Souza,,438,Centro,Dracena,17900-000,(18) 3822-3166,(18) 3822-3166,dracena_cetesb@sp.gov.br,https://licenciamento.cetesb.sp.gov.br/municipioss.asp?muni=PRACINHA
3540903,Pradópolis,Agência Ambiental de Jaboticabal,Avenida Angelo Morello,,60,Jardim Santa Rosa,Jaboticabal,14875-290,(16) 3203-9400,(16) 3203-9400,jaboticabal_cetesb@sp.gov.br,https://licenciamento.cetesb.sp.gov.br/municipioss.asp?muni=PRAD%D3POLIS
3541000,Praia Grande,Agência Ambiental de Santos,Rua Delfim Moreira,,56,Embaré,Santos,11040-100,(13) 3227-7767,(13) 3227-7767,santos_cetesb@sp.gov.br,https://licenciamento.cetesb.sp.gov.br/municipioss.asp?muni=PRAIA%20GRANDE
3541059,Pratânia,Agência Ambiental de Botucatu,Rua Lourenço Carmelo,,180,Jardim Paraíso,Botucatu,18610-265,(14) 3882-1134,(14) 3882-1134,botucatu_cetesb@sp.gov.br,https://licenciamento.cetesb.sp.gov.br/municipioss.asp?muni=PRAT%C2NIA
3541109,Presidente Alves,Agência Ambiental de Bauru,Avenida Rodrigues Alves,Quadra 38,138,Vila Coralina,Bauru,17030-000,(14) 3203-2058,(14) 3203-2344,bauru_cetesb@sp.gov.br,https://licenciamento.cetesb.sp.gov.br/municipioss.asp?muni=PRESIDENTE%20ALVES
3541208,Presidente Bernardes,Agência Ambiental de Presidente Prudente,Rua João Gonçalves Foz,,1736A,Jardim das Rosas,Presidente Prudente,19060-050,(18) 3223-5001,,prudente_cetesb@sp.gov.br,https://licenciamento.cetesb.sp.gov.br/municipioss.asp?muni=PRESIDENTE%20BERNARDES
3541307,Presidente Epitácio,Agência Ambiental de Presidente Prudente,Rua João Gonçalves Foz,,1736A,Jardim das Rosas,Presidente Prudente,19060-050,(18) 3223-5001,,prudente_cetesb@sp.gov.br,https://licenciamento.cetesb.sp.gov.br/municipioss.asp?muni=PRESIDENTE%20EPIT%C1CIO
3541406,Presidente Prudente,Agência Ambiental de Presidente Prudente,Rua João Gonçalves Foz,,1736A,Jardim das Rosas,Presidente Prudente,19060-050,(18) 3223-5001,,prudente_cetesb@sp.gov.br,https://licenciamento.cetesb.sp.gov.br/municipioss.asp?muni=PRESIDENTE%20PRUDENTE
3541505,Presidente Venceslau,Agência Ambiental de Presidente Prudente,Rua João Gonçalves Foz,,1736A,Jardim das Rosas,Presidente Prudente,19060-050,(18) 3223-5001,,prudente_cetesb@sp.gov.br,https://licenciamento.cetesb.sp.gov.br/municipioss.asp?muni=PRESIDENTE%20VENCESLAU
3541604,Promissão,Agência Ambiental de Araçatuba,Rua Tenente Alcides Teodoro dos Santos,,260,Aviação,Araçatuba,16055-557,(18) 3608-8053,(18) 3608-7197,aracatuba_cetesb@sp.gov.br,https://licenciamento.cetesb.sp.gov.br/municipioss.asp?muni=PROMISS%C3O
3541653,Quadra,Agência Ambiental de Itapetininga,Rua General Carneiro,,196,Centro,Itapetininga,18200-024,(15) 3272-2888,(15) 3272-2891,itapetininga_cetesb@sp.gov.br,https://licenciamento.cetesb.sp.gov.br/municipioss.asp?muni=QUADRA
3541703,Quatá,Agência Ambiental de Assis,Via Chico Mendes,,75,Quinta dos Flamboyants,Assis,19810-005,(18) 3324-4177,(18) 3324-4177,assis_cetesb@sp.gov.br,https://licenciamento.cetesb.sp.gov.br/municipioss.asp?muni=QUAT%C1
3541802,Queiroz,Agência Ambiental de Marília,Rua Santa Helena,,436,Jardim Alvorada,Marília,17513-322,(14) 3422-4666,(14) 3422-4666,marilia_cetesb@sp.gov.br,https://licenciamento.cetesb.sp.gov.br/municipioss.asp?muni=QUEIROZ
3541901,Queluz,Agência Ambiental de Taubaté,Avenida Itambé,,38,Santa Luzia,Taubaté,12091-200,(12) 3634-8222,(12) 3634-8234,taubate_cetesb@sp.gov.br,https://licenciamento.cetesb.sp.gov.br/municipioss.asp?muni=QUELUZ
3542008,Quintana,Agência Ambiental de Marília,Rua Santa Helena,,436,Jardim Alvorada,Marília,17513-322,(14) 3422-4666,(14) 3422-4666,marilia_cetesb@sp.gov.br,https://licenciamento.cetesb.sp.gov.br/municipioss.asp?muni=QUINTANA
3542107,Rafard,Agência Ambiental de Campinas,Avenida Brasil,,2340,Jardim Chapadão,Campinas,13070-178,(19) 3241-1744,,campinas_cetesb@sp.gov.br,https://licenciamento.cetesb.sp.gov.br/municipioss.asp?muni=RAFARD
3542206,Rancharia,Agência Ambiental de Presidente Prudente,Rua João Gonçalves Foz,,1736A,Jardim das Rosas,Presidente Prudente,19060-050,(18) 3223-5001,,prudente_cetesb@sp.gov.br,https://licenciamento.cetesb.sp.gov.br/municipioss.asp?muni=RANCHARIA
3542305,Redenção da Serra,Agência Ambiental de Taubaté,Avenida Itambé,,38,Santa Luzia,Taubaté,12091-200,(12) 3634-8222,(12) 3634-8234,taubate_cetesb@sp.gov.br,https://licenciamento.cetesb.sp.gov.br/municipioss.asp?muni=REDEN%C7%C3O%20DA%20SERRA
3542404,Regente Feijó,Agência Ambiental de Presidente Prudente,Rua João Gonçalves Foz,,1736A,Jardim das Rosas,Presidente Prudente,19060-050,(18) 3223-5001,,prudente_cetesb@sp.gov.br,https://licenciamento.cetesb.sp.gov.br/municipioss.asp?muni=REGENTE%20FEIJ%D3
3542503,Reginópolis,Agência Ambiental de Bauru,Avenida Rodrigues Alves,Quadra 38,138,Vila Coralina,Bauru,17030-000,(14) 3203-2058,(14) 3203-2344,bauru_cetesb@sp.gov.br,https://licenciamento.cetesb.sp.gov.br/municipioss.asp?muni=REGIN%D3POLIS
3542602,Registro,Agência Ambiental de Registro,Rua São Bento,,249,Jardim São Nicolau,Registro,11900-000,(13) 3822-3855,(13) 3822-4437,registro_cetesb@sp.gov.br,https://licenciamento.cetesb.sp.gov.br/municipioss.asp?muni=REGISTRO
3542701,Restinga,Agência Ambiental de Franca,Avenida Dr. Flávio Rocha,,4551,Parque dos Pinhais,Franca,14405-600,(16) 3724-5922,(16) 3724-5922,franca_cetesb@sp.gov.br,https://licenciamento.cetesb.sp.gov.br/municipioss.asp?muni=RESTINGA
3542800,Ribeira,Agência Ambiental de Capão Bonito,Rua Denise,,131,Terras de Imbirucu,Capão Bonito,18304-700,(15) 3542-3173,(15) 3542-3173,capaobonito_cetesb@sp.gov.br,https://licenciamento.cetesb.sp.gov.br/municipioss.asp?muni=RIBEIRA
3542909,Ribeirão Bonito,Agência Ambiental de São Carlos,Avenida das Azaléias,,700,Cidade Jardim,São Carlos,13566-500,(16) 3361-2004,(16) 3361-2004,saocarlos_cetesb@sp.gov.br,https://licenciamento.cetesb.sp.gov.br/municipioss.asp?muni=RIBEIR%C3O%20BONITO
3543006,Ribeirão Branco,Agência Ambiental de Capão Bonito,Rua Denise,,131,Terras de Imbirucu,Capão Bonito,18304-700,(15) 3542-3173,(15) 3542-3173,capaobonito_cetesb@sp.gov.br,https://licenciamento.cetesb.sp.gov.br/municipioss.asp?muni=RIBEIR%C3O%20BRANCO
3543105,Ribeirão Corrente,Agência Ambiental de Franca,Avenida Dr. Flávio Rocha,,4551,Parque dos Pinhais,Franca,14405-600,(16) 3724-5922,(16) 3724-5922,franca_cetesb@sp.gov.br,https://licenciamento.cetesb.sp.gov.br/municipioss.asp?muni=RIBEIR%C3O%20CORRENTE
3543204,Ribeirão do Sul,Agência Ambiental de Assis,Via Chico Mendes,,75,Quinta dos Flamboyants,Assis,19810-005,(18) 3324-4177,(18) 3324-4177,assis_cetesb@sp.gov.br,https://licenciamento.cetesb.sp.gov.br/municipioss.asp?muni=RIBEIR%C3O%20DO%20SUL
3543238,Ribeirão dos Índios,Agência Ambiental de Presidente Prudente,Rua João Gonçalves Foz,,1736A,Jardim das Rosas,Presidente Prudente,19060-050,(18) 3223-5001,,prudente_cetesb@sp.gov.br,https://licenciamento.cetesb.sp.gov.br/municipioss.asp?muni=RIBEIR%C3O%20DOS%20%CDNDIOS
3543253,Ribeirão Grande,Agência Ambiental de Capão Bonito,Rua Denise,,131,Terras de Imbirucu,Capão Bonito,18304-700,(15) 3542-3173,(15) 3542-3173,capaobonito_cetesb@sp.gov.br,https://licenciamento.cetesb.sp.gov.br/municipioss.asp?muni=RIBEIR%C3O%20GRANDE
3543303,Ribeirão Pires,Agência Ambiental do ABC I,Rua dos Vianas,,625,Baeta Neves,São Bernardo do Campo,09760-040,(11) 4123-4555,(11) 4123-4555,abc1_cetesb@sp.gov.br,https://licenciamento.cetesb.sp.gov.br/municipioss.asp?muni=RIBEIR%C3O%20PIRES
3543402,Ribeirão Preto,Agência Ambiental de Ribeirão Preto,Avenida Presidente Kennedy,,1760,Ribeirânia,Ribeirão Preto,14096-350,(16) 3617-4700,(16) 3617-4207,ribeirao_cetesb@sp.gov.br,https://licenciamento.cetesb.sp.gov.br/municipioss.asp?muni=RIBEIR%C3O%20PRETO
3543600,Rifaina,Agência Ambiental de Franca,Avenida Dr. Flávio Rocha,,4551,Parque dos Pinhais,Franca,14405-600,(16) 3724-5922,(16) 3724-5922,franca_cetesb@sp.gov.br,https://licenciamento.cetesb.sp.gov.br/municipioss.asp?muni=RIFAINA
3543709,Rincão,Agência Ambiental de Araraquara,Avenida Castro Alves,,1271,Carmo,Araraquara,14800-140,(16) 3332-2211,(16) 3332-2211,araraquara_cetesb@sp.gov.br,https://licenciamento.cetesb.sp.gov.br/municipioss.asp?muni=RINC%C3O
3543808,Rinópolis,Agência Ambiental de Marília,Rua Santa Helena,,436,Jardim Alvorada,Marília,17513-322,(14) 3422-4666,(14) 3422-4666,marilia_cetesb@sp.gov.br,https://licenciamento.cetesb.sp.gov.br/municipioss.asp?muni=RIN%D3POLIS
3543907,Rio Claro,Agência Ambiental de Piracicaba,Rua do Rosário,,566,Centro,Piracicaba,13400-183,(19) 3402-6863,(19) 3402-6863,piracicaba_cetesb@sp.gov.br,https://licenciamento.cetesb.sp.gov.br/municipioss.asp?muni=RIO%20CLARO
3544004,Rio das Pedras,Agência Ambiental de Piracicaba,Rua do Rosário,,566,Centro,Piracicaba,13400-183,(19) 3402-6863,(19) 3402-6863,piracicaba_cetesb@sp.gov.br,https://licenciamento.cetesb.sp.gov.br/municipioss.asp?muni=RIO%20DAS%20PEDRAS
3544103,Rio Grande da Serra,Agência Ambiental do ABC I,Rua dos Vianas,,625,Baeta Neves,São Bernardo do Campo,09760-040,(11) 4123-4555,(11) 4123-4555,abc1_cetesb@sp.gov.br,https://licenciamento.cetesb.sp.gov.br/municipioss.asp?muni=RIO%20GRANDE%20DA%20SERRA
3544202,Riolândia,Agência Ambiental de Votuporanga,Avenida Deputado Aureo Ferreira,,1724,Vila Paes,Votuporanga,15500-112,(17) 3421-4004,(17) 3421-4004,votuporanga_cetesb@sp.gov.br,https://licenciamento.cetesb.sp.gov.br/municipioss.asp?muni=RIOL%C2NDIA
3543501,Riversul,Agência Ambiental de Capão Bonito,Rua Denise,,131,Terras de Imbirucu,Capão Bonito,18304-700,(15) 3542-3173,(15) 3542-3173,capaobonito_cetesb@sp.gov.br,https://licenciamento.cetesb.sp.gov.br/municipioss.asp?muni=RIVERSUL
3544251,Rosana,Agência Ambiental de Presidente Prudente,Rua João Gonçalves Foz,,1736A,Jardim das Rosas,Presidente Prudente,19060-050,(18) 3223-5001,,prudente_cetesb@sp.gov.br,https://licenciamento.cetesb.sp.gov.br/municipioss.asp?muni=ROSANA
3544301,Roseira,Agência Ambiental de Taubaté,Avenida Itambé,,38,Santa Luzia,Taubaté,12091-200,(12) 3634-8222,(12) 3634-8234,taubate_cetesb@sp.gov.br,https://licenciamento.cetesb.sp.gov.br/municipioss.asp?muni=ROSEIRA
3544400,Rubiácea,Agência Ambiental de Araçatuba,Rua Tenente Alcides Teodoro dos Santos,,260,Aviação,Araçatuba,16055-557,(18) 3608-8053,(18) 3608-7197,aracatuba_cetesb@sp.gov.br,https://licenciamento.cetesb.sp.gov.br/municipioss.asp?muni=RUBI%C1CEA
3544509,Rubinéia,Agência Ambiental de Jales,Rua Nova Iorque,,1016,Jardim Monterey,Jales,15703-326,(17) 3621-1042,(17) 3621-1042,jales_cetesb@sp.gov.br,https://licenciamento.cetesb.sp.gov.br/municipioss.asp?muni=RUBIN%C9IA
3544608,Sabino,Agência Ambiental de Marília,Rua Santa Helena,,436,Jardim Alvorada,Marília,17513-322,(14) 3422-4666,(14) 3422-4666,marilia_cetesb@sp.gov.br,https://licenciamento.cetesb.sp.gov.br/municipioss.asp?muni=SABINO
3544707,Sagres,Agência Ambiental de Dracena,Rua Tomé de Souza,,438,Centro,Dracena,17900-000,(18) 3822-3166,(18) 3822-3166,dracena_cetesb@sp.gov.br,https://licenciamento.cetesb.sp.gov.br/municipioss.asp?muni=SAGRES
3544806,Sales,Agência Ambiental de São José do Rio Preto,Avenida Floriano André Cabrera,,,Residencial Cidade Jardim - Jardim São Marcos,São José do Rio Preto,15081-490,(17) 3218-4300,(17) 3218-4300,riopreto_cetesb@sp.gov.br,https://licenciamento.cetesb.sp.gov.br/municipioss.asp?muni=SALES
3544905,Sales Oliveira,Agência Ambiental de Ribeirão Preto,Avenida Presidente Kennedy,,1760,Ribeirânia,Ribeirão Preto,14096-350,(16) 3617-4700,(16) 3617-4207,ribeirao_cetesb@sp.gov.br,https://licenciamento.cetesb.sp.gov.br/municipioss.asp?muni=SALES%20OLIVEIRA
3545001,Salesópolis,Agência Ambiental de Mogi das Cruzes,Rua Francisco Franco,,133,Centro,Mogi das Cruzes,08710-590,(11) 4723-2130,,mogi_cetesb@sp.gov.br,https://licenciamento.cetesb.sp.gov.br/municipioss.asp?muni=SALES%D3POLIS
3545100,Salmourão,Agência Ambiental de Dracena,Rua Tomé de Souza,,438,Centro,Dracena,17900-000,(18) 3822-3166,(18) 3822-3166,dracena_cetesb@sp.gov.br,https://licenciamento.cetesb.sp.gov.br/municipioss.asp?muni=SALMOUR%C3O
3545159,Saltinho,Agência Ambiental de Piracicaba,Rua do Rosário,,566,Centro,Piracicaba,13400-183,(19) 3402-6863,(19) 3402-6863,piracicaba_cetesb@sp.gov.br,https://licenciamento.cetesb.sp.gov.br/municipioss.asp?muni=SALTINHO
3545209,Salto,Agência Ambiental de Jundiaí,Rua João Ferrara,,555,Jardim Pitangueiras II,Jundiaí,13206-714,(11) 4817-1898,(11) 4587-3597,jundiai_cetesb@sp.gov.br,https://licenciamento.cetesb.sp.gov.br/municipioss.asp?muni=SALTO
3545308,Salto de Pirapora,Agência Ambiental de Sorocaba,Rua Epitácio Pessoa,,269,Além Ponte,Sorocaba,18013-190,(15) 3222-2065,(15) 3222-2065,sorocaba_cetesb@sp.gov.br,https://licenciamento.cetesb.sp.gov.br/municipioss.asp?muni=SALTO%20DE%20PIRAPORA
3545407,Salto Grande,Agência Ambiental de Assis,Via Chico Mendes,,75,Quinta dos Flamboyants,Assis,19810-005,(18) 3324-4177,(18) 3324-4177,assis_cetesb@sp.gov.br,https://licenciamento.cetesb.sp.gov.br/municipioss.asp?muni=SALTO%20GRANDE
3545506,Sandovalina,Agência Ambiental de Presidente Prudente,Rua João Gonçalves Foz,,1736A,Jardim das Rosas,Presidente Prudente,19060-050,(18) 3223-5001,,prudente_cetesb@sp.gov.br,https://licenciamento.cetesb.sp.gov.br/municipioss.asp?muni=SANDOVALINA
3545605,Santa Adélia,Agência Ambiental de São José do Rio Preto,Avenida Floriano André Cabrera,,,Residencial Cidade Jardim - Jardim São Marcos,São José do Rio Preto,15081-490,(17) 3218-4300,(17) 3218-4300,riopreto_cetesb@sp.gov.br,https://licenciamento.cetesb.sp.gov.br/municipioss.asp?muni=SANTA%20AD%C9LIA
3545704,Santa Albertina,Agência Ambiental de Jales,Rua Nova Iorque,,1016,Jardim Monterey,Jales,15703-326,(17) 3621-1042,(17) 3621-1042,jales_cetesb@sp.gov.br,https://licenciamento.cetesb.sp.gov.br/municipioss.asp?muni=SANTA%20ALBERTINA
3545803,Santa Bárbara d'Oeste,Agência Ambiental de Americana,Rua Florindo Cibin,,435,Vila Medon,Americana,13465-230,(19) 3461-1550,(19) 3461-1550,americana_cetesb@sp.gov.br,https://licenciamento.cetesb.sp.gov.br/municipioss.asp?muni=SANTA%20B%C1RBARA%20D%B4OESTE
3546009,Santa Branca,Agência Ambiental de São José dos Campos,Avenida Olivo Gomes,,100,Parque da Cidade/Santana,São José dos Campos,12211-115,(12) 3911-9536,(12) 3911-9536,sjcampos_cetesb@sp.gov.br,https://licenciamento.cetesb.sp.gov.br/municipioss.asp?muni=SANTA%20BRANCA
3546108,Santa Clara d'Oeste,Agência Ambiental de Jales,Rua Nova Iorque,,1016,Jardim Monterey,Jales,15703-326,(17) 3621-1042,(17) 3621-1042,jales_cetesb@sp.gov.br,https://licenciamento.cetesb.sp.gov.br/municipioss.asp?muni=SANTA%20CLARA%20D%60OESTE
3546207,Santa Cruz da Conceição,Agência Ambiental de Mogi Guaçu,Rua Hugo Pancieira,,400,Pedregulhal,Mogi Guaçu,13845-190,(19) 3818-0396,(19) 3818-0396,mogiguacu_cetesb@sp.gov.br,https://licenciamento.cetesb.sp.gov.br/municipioss.asp?muni=SANTA%20CRUZ%20DA%20CONCEI%C7%C3O
3546256,Santa Cruz da Esperança,Agência Ambiental de Ribeirão Preto,Avenida Presidente Kennedy,,1760,Ribeirânia,Ribeirão Preto,14096-350,(16) 3617-4700,(16) 3617-4207,ribeirao_cetesb@sp.gov.br,https://licenciamento.cetesb.sp.gov.br/municipioss.asp?muni=SANTA%20CRUZ%20DA%20ESPERAN%C7A
3546306,Santa Cruz das Palmeiras,Agência Ambiental de São João da Boa Vista,Rua Marechal Deodoro,,345,Centro,São João da Boa Vista,13870-223,(19) 3633-1510,(19) 3633-1510,sjboavista_cetesb@sp.gov.br,https://licenciamento.cetesb.sp.gov.br/municipioss.asp?muni=SANTA%20CRUZ%20DAS%20PALMEIRAS
3546405,Santa Cruz do Rio Pardo,Agência Ambiental de Assis,Via Chico Mendes,,75,Quinta dos Flamboyants,Assis,19810-005,(18) 3324-4177,(18) 3324-4177,assis_cetesb@sp.gov.br,https://licenciamento.cetesb.sp.gov.br/municipioss.asp?muni=SANTA%20CRUZ%20DO%20RIO%20PARDO
3546504,Santa Ernestina,Agência Ambiental de Araraquara,Avenida Castro Alves,,1271,Carmo,Araraquara,14800-140,(16) 3332-2211,(16) 3332-2211,araraquara_cetesb@sp.gov.br,https://licenciamento.cetesb.sp.gov.br/municipioss.asp?muni=SANTA%20ERNESTINA
3546603,Santa Fé do Sul,Agência Ambiental de Jales,Rua Nova Iorque,,1016,Jardim Monterey,Jales,15703-326,(17) 3621-1042,(17) 3621-1042,jales_cetesb@sp.gov.br,https://licenciamento.cetesb.sp.gov.br/municipioss.asp?muni=SANTA%20F%C9%20DO%20SUL
3546702,Santa Gertrudes,Agência Ambiental de Limeira,Avenida Vitório Bortolan,,1450,Parque Abílio Pedro,Limeira,13483-132,(19) 3451-6203,(19) 3451-6203,limeira_cetesb@sp.gov.br,https://licenciamento.cetesb.sp.gov.br/municipioss.asp?muni=SANTA%20GERTRUDES
3546801,Santa Isabel,Agência Ambiental de São José dos Campos,Avenida Olivo Gomes,,100,Parque da Cidade/Santana,São José dos Campos,12211-115,(12) 3911-9536,(12) 3911-9536,sjcampos_cetesb@sp.gov.br,https://licenciamento.cetesb.sp.gov.br/municipioss.asp?muni=SANTA%20ISABEL
3546900,Santa Lúcia,Agência Ambiental de Araraquara,Avenida Castro Alves,,1271,Carmo,Araraquara,14800-140,(16) 3332-2211,(16) 3332-2211,araraquara_cetesb@sp.gov.br,https://licenciamento.cetesb.sp.gov.br/municipioss.asp?muni=SANTA%20L%DACIA
3547007,Santa Maria da Serra,Agência Ambiental de Piracicaba,Rua do Rosário,,566,Centro,Piracicaba,13400-183,(19) 3402-6863,(19) 3402-6863,piracicaba_cetesb@sp.gov.br,https://licenciamento.cetesb.sp.gov.br/municipioss.asp?muni=SANTA%20MARIA%20DA%20SERRA
3547106,Santa Mercedes,Agência Ambiental de Dracena,Rua Tomé de Souza,,438,Centro,Dracena,17900-000,(18) 3822-3166,(18) 3822-3166,dracena_cetesb@sp.gov.br,https://licenciamento.cetesb.sp.gov.br/municipioss.asp?muni=SANTA%20MERCEDES
3547502,Santa Rita do Passa Quatro,Agência Ambiental de Ribeirão Preto,Avenida Presidente Kennedy,,1760,Ribeirânia,Ribeirão Preto,14096-350,(16) 3617-4700,(16) 3617-4207,ribeirao_cetesb@sp.gov.br,https://licenciamento.cetesb.sp.gov.br/municipioss.asp?muni=SANTA%20RITA%20DO%20PASSA%20QUATRO
3547403,Santa Rita d'Oeste,Agência Ambiental de Jales,Rua Nova Iorque,,1016,Jardim Monterey,Jales,15703-326,(17) 3621-1042,(17) 3621-1042,jales_cetesb@sp.gov.br,https://licenciamento.cetesb.sp.gov.br/municipioss.asp?muni=SANTA%20RITA%20D%B4OESTE
3547601,Santa Rosa de Viterbo,Agência Ambiental de Ribeirão Preto,Avenida Presidente Kennedy,,1760,Ribeirânia,Ribeirão Preto,14096-350,(16) 3617-4700,(16) 3617-4207,ribeirao_cetesb@sp.gov.br,https://licenciamento.cetesb.sp.gov.br/municipioss.asp?muni=SANTA%20ROSA%20DE%20VITERBO
3547650,Santa Salete,Agência Ambiental de Jales,Rua Nova Iorque,,1016,Jardim Monterey,Jales,15703-326,(17) 3621-1042,(17) 3621-1042,jales_cetesb@sp.gov.br,https://licenciamento.cetesb.sp.gov.br/municipioss.asp?muni=SANTA%20SALETE
3547205,Santana da Ponte Pensa,Agência Ambiental de Jales,Rua Nova Iorque,,1016,Jardim Monterey,Jales,15703-326,(17) 3621-1042,(17) 3621-1042,jales_cetesb@sp.gov.br,https://licenciamento.cetesb.sp.gov.br/municipioss.asp?muni=SANTANA%20DA%20PONTE%20PENSA
3547304,Santana de Parnaíba,Agência Ambiental de Osasco,Rua Anete Queiroz Lacerda,,80,Jardim Bonfiglioli,São Paulo,05591-080,(11) 3721-9600,(11) 3721-9600,osasco_cetesb@sp.gov.br,https://licenciamento.cetesb.sp.gov.br/municipioss.asp?muni=SANTANA%20DE%20PARNA%CDBA
3547700,Santo Anastácio,Agência Ambiental de Presidente Prudente,Rua João Gonçalves Foz,,1736A,Jardim das Rosas,Presidente Prudente,19060-050,(18) 3223-5001,,prudente_cetesb@sp.gov.br,https://licenciamento.cetesb.sp.gov.br/municipioss.asp?muni=SANTO%20ANAST%C1CIO
3547809,Santo André,Agência Ambiental do ABC I,Rua dos Vianas,,625,Baeta Neves,São Bernardo do Campo,09760-040,(11) 4123-4555,(11) 4123-4555,abc1_cetesb@sp.gov.br,https://licenciamento.cetesb.sp.gov.br/municipioss.asp?muni=SANTO%20ANDR%C9
3547908,Santo Antônio da Alegria,Agência Ambiental de Ribeirão Preto,Avenida Presidente Kennedy,,1760,Ribeirânia,Ribeirão Preto,14096-350,(16) 3617-4700,(16) 3617-4207,ribeirao_cetesb@sp.gov.br,https://licenciamento.cetesb.sp.gov.br/municipioss.asp?muni=SANTO%20ANT%D4NIO%20DA%20ALEGRIA
3548005,Santo Antônio de Posse,Agência Ambiental de Paulínia,Rua Angelo Varandas,,550,Jardim Santa Terezinha,Paulínia,13140-802,(19) 3844-0466,(19) 3844-0466,paulinia_cetesb@sp.gov.br,https://licenciamento.cetesb.sp.gov.br/municipioss.asp?muni=SANTO%20ANT%D4NIO%20DE%20POSSE
3548054,Santo Antônio do Aracanguá,Agência Ambiental de Araçatuba,Rua Tenente Alcides Teodoro dos Santos,,260,Aviação,Araçatuba,16055-557,(18) 3608-8053,(18) 3608-7197,aracatuba_cetesb@sp.gov.br,https://licenciamento.cetesb.sp.gov.br/municipioss.asp?muni=SANTO%20ANT%D4NIO%20DO%20ARACANGU%C1
3548104,Santo Antônio do Jardim,Agência Ambiental de São João da Boa Vista,Rua Marechal Deodoro,,345,Centro,São João da Boa Vista,13870-223,(19) 3633-1510,(19) 3633-1510,sjboavista_cetesb@sp.gov.br,https://licenciamento.cetesb.sp.gov.br/municipioss.asp?muni=SANTO%20ANT%D4NIO%20DO%20JARDIM
3548203,Santo Antônio do Pinhal,Agência Ambiental de Taubaté,Avenida Itambé,,38,Santa Luzia,Taubaté,12091-200,(12) 3634-8222,(12) 3634-8234,taubate_cetesb@sp.gov.br,https://licenciamento.cetesb.sp.gov.br/municipioss.asp?muni=SANTO%20ANT%D4NIO%20DO%20PINHAL
3548302,Santo Expedito,Agência Ambiental de Presidente Prudente,Rua João Gonçalves Foz,,1736A,Jardim das Rosas,Presidente Prudente,19060-050,(18) 3223-5001,,prudente_cetesb@sp.gov.br,https://licenciamento.cetesb.sp.gov.br/municipioss.asp?muni=SANTO%20EXPEDITO
3548401,Santópolis do Aguapeí,Agência Ambiental de Araçatuba,Rua Tenente Alcides Teodoro dos Santos,,260,Aviação,Araçatuba,16055-557,(18) 3608-8053,(18) 3608-7197,aracatuba_cetesb@sp.gov.br,https://licenciamento.cetesb.sp.gov.br/municipioss.asp?muni=SANT%D3POLIS%20DO%20AGUAPE%CD
3548500,Santos,Agência Ambiental de Santos,Rua Delfim Moreira,,56,Embaré,Santos,11040-100,(13) 3227-7767,(13) 3227-7767,santos_cetesb@sp.gov.br,https://licenciamento.cetesb.sp.gov.br/municipioss.asp?muni=SANTOS
3548609,São Bento do Sapucaí,Agência Ambiental de Taubaté,Avenida Itambé,,38,Santa Luzia,Taubaté,12091-200,(12) 3634-8222,(12) 3634-8234,taubate_cetesb@sp.gov.br,https://licenciamento.cetesb.sp.gov.br/municipioss.asp?muni=S%C3O%20BENTO%20DO%20SAPUCA%CD
3548708,São Bernardo do Campo,Agência Ambiental do ABC II,Rua dos Vianas,,625,Baeta Neves,São Bernardo do Campo,09760-040,(11) 4123-4555,(11) 4123-4555,abc2_cetesb@sp.gov.br,https://licenciamento.cetesb.sp.gov.br/municipioss.asp?muni=S%C3O%20BERNARDO%20DO%20CAMPO
3548807,São Caetano do Sul,Agência Ambiental do ABC I,Rua dos Vianas,,625,Baeta Neves,São Bernardo do Campo,09760-040,(11) 4123-4555,(11) 4123-4555,abc1_cetesb@sp.gov.br,https://licenciamento.cetesb.sp.gov.br/municipioss.asp?muni=S%C3O%20CAETANO%20DO%20SUL
3548906,São Carlos,Agência Ambiental de São Carlos,Avenida das Azaléias,,700,Cidade Jardim,São Carlos,13566-500,(16) 3361-2004,(16) 3361-2004,saocarlos_cetesb@sp.gov.br,https://licenciamento.cetesb.sp.gov.br/municipioss.asp?muni=S%C3O%20CARLOS
3549003,São Francisco,Agência Ambiental de Jales,Rua Nova Iorque,,1016,Jardim Monterey,Jales,15703-326,(17) 3621-1042,(17) 3621-1042,jales_cetesb@sp.gov.br,https://licenciamento.cetesb.sp.gov.br/municipioss.asp?muni=S%C3O%20FRANCISCO
3549102,São João da Boa Vista,Agência Ambiental de São João da Boa Vista,Rua Marechal Deodoro,,345,Centro,São João da Boa Vista,13870-223,(19) 3633-1510,(19) 3633-1510,sjboavista_cetesb@sp.gov.br,https://licenciamento.cetesb.sp.gov.br/municipioss.asp?muni=S%C3O%20JO%C3O%20DA%20BOA%20VISTA
3549201,São João das Duas Pontes,Agência Ambiental de Jales,Rua Nova Iorque,,1016,Jardim Monterey,Jales,15703-326,(17) 3621-1042,(17) 3621-1042,jales_cetesb@sp.gov.br,https://licenciamento.cetesb.sp.gov.br/municipioss.asp?muni=S%C3O%20JO%C3O%20DAS%20DUAS%20PONTES
3549250,São João de Iracema,Agência Ambiental de Votuporanga,Avenida Deputado Aureo Ferreira,,1724,Vila Paes,Votuporanga,15500-112,(17) 3421-4004,(17) 3421-4004,votuporanga_cetesb@sp.gov.br,https://licenciamento.cetesb.sp.gov.br/municipioss.asp?muni=S%C3O%20JO%C3O%20DE%20IRACEMA
3549300,São João do Pau d'Alho,Agência Ambiental de Dracena,Rua Tomé de Souza,,438,Centro,Dracena,17900-000,(18) 3822-3166,(18) 3822-3166,dracena_cetesb@sp.gov.br,https://licenciamento.cetesb.sp.gov.br/municipioss.asp?muni=S%C3O%20JO%C3O%20DO%20PAU%20D%B4ALHO
3549409,São Joaquim da Barra,Agência Ambiental de Ribeirão Preto,Avenida Presidente Kennedy,,1760,Ribeirânia,Ribeirão Preto,14096-350,(16) 3617-4700,(16) 3617-4207,ribeirao_cetesb@sp.gov.br,https://licenciamento.cetesb.sp.gov.br/municipioss.asp?muni=S%C3O%20JOAQUIM%20DA%20BARRA
3549508,São José da Bela Vista,Agência Ambiental de Franca,Avenida Dr. Flávio Rocha,,4551,Parque dos Pinhais,Franca,14405-600,(16) 3724-5922,(16) 3724-5922,franca_cetesb@sp.gov.br,https://licenciamento.cetesb.sp.gov.br/municipioss.asp?muni=S%C3O%20JOS%C9%20DA%20BELA%20VISTA
3549607,São José do Barreiro,Agência Ambiental de Taubaté,Avenida Itambé,,38,Santa Luzia,Taubaté,12091-200,(12) 3634-8222,(12) 3634-8234,taubate_cetesb@sp.gov.br,https://licenciamento.cetesb.sp.gov.br/municipioss.asp?muni=S%C3O%20JOS%C9%20DO%20BARREIRO
3549706,São José do Rio Pardo,Agência Ambiental de São João da Boa Vista,Rua Marechal Deodoro,,345,Centro,São João da Boa Vista,13870-223,(19) 3633-1510,(19) 3633-1510,sjboavista_cetesb@sp.gov.br,https://licenciamento.cetesb.sp.gov.br/municipioss.asp?muni=S%C3O%20JOS%C9%20DO%20RIO%20PARDO
3549805,São José do Rio Preto,Agência Ambiental de São José do Rio Preto,Avenida Floriano André Cabrera,,,Residencial Cidade Jardim - Jardim São Marcos,São José do Rio Preto,15081-490,(17) 3218-4300,(17) 3218-4300,riopreto_cetesb@sp.gov.br,https://licenciamento.cetesb.sp.gov.br/municipioss.asp?muni=S%C3O%20JOS%C9%20DO%20RIO%20PRETO
3549904,São José dos Campos,Agência Ambiental de São José dos Campos,Avenida Olivo Gomes,,100,Parque da Cidade/Santana,São José dos Campos,12211-115,(12) 3911-9536,(12) 3911-9536,sjcampos_cetesb@sp.gov.br,https://licenciamento.cetesb.sp.gov.br/municipioss.asp?muni=S%C3O%20JOS%C9%20DOS%20CAMPOS
3549953,São Lourenço da Serra,Agência Ambiental de Embu das Artes,Avenida João Paulo I,,495,Jardim São Luiz,Embu das Artes,06816-550,(11) 4704-8835,(11) 4704-8835,embu_cetesb@sp.gov.br,https://licenciamento.cetesb.sp.gov.br/municipioss.asp?muni=S%C3O%20LOUREN%C7O%20DA%20SERRA
3550001,São Luís do Paraitinga,Agência Ambiental de Taubaté,Avenida Itambé,,38,Santa Luzia,Taubaté,12091-200,(12) 3634-8222,(12) 3634-8234,taubate_cetesb@sp.gov.br,https://licenciamento.cetesb.sp.gov.br/municipioss.asp?muni=S%C3O%20LU%CDS%20DO%20PARAITINGA
3550100,São Manuel,Agência Ambiental de Botucatu,Rua Lourenço Carmelo,,180,Jardim Paraíso,Botucatu,18610-265,(14) 3882-1134,(14) 3882-1134,botucatu_cetesb@sp.gov.br,https://licenciamento.cetesb.sp.gov.br/municipioss.asp?muni=S%C3O%20MANUEL
3550209,São Miguel Arcanjo,Agência Ambiental de Itapetininga,Rua General Carneiro,,196,Centro,Itapetininga,18200-024,(15) 3272-2888,(15) 3272-2891,itapetininga_cetesb@sp.gov.br,https://licenciamento.cetesb.sp.gov.br/municipioss.asp?muni=S%C3O%20MIGUEL%20ARCANJO
3550308,São Paulo,Sede,Avenida Prof Frederico Hermann Jr,,345,Alto de Pinheiros,São Paulo,05459-900,(11) 3030-6000,,,https://licenciamento.cetesb.sp.gov.br/municipioss.asp?muni=S%C3O%20PAULO
3550407,São Pedro,Agência Ambiental de Piracicaba,Rua do Rosário,,566,Centro,Piracicaba,13400-183,(19) 3402-6863,(19) 3402-6863,piracicaba_cetesb@sp.gov.br,https://licenciamento.cetesb.sp.gov.br/municipioss.asp?muni=S%C3O%20PEDRO
3550506,São Pedro do Turvo,Agência Ambiental de Assis,Via Chico Mendes,,75,Quinta dos Flamboyants,Assis,19810-005,(18) 3324-4177,(18) 3324-4177,assis_cetesb@sp.gov.br,https://licenciamento.cetesb.sp.gov.br/municipioss.asp?muni=S%C3O%20PEDRO%20DO%20TURVO
3550605,São Roque,Agência Ambiental de Itu,Rua Santa Rita,,1165,Centro,Itu,13300-065,(11) 4013-3419,(11) 4013-3419,itu_cetesb@sp.gov.br,https://licenciamento.cetesb.sp.gov.br/municipioss.asp?muni=S%C3O%20ROQUE
3550704,São Sebastião,Agência Ambiental de São Sebastião,Rua Francisco da Cruz Maldonado,,132,Portal da Olaria,São Sebastião,11600-000,(12) 3862-2300,(12) 3862-2300,ssebastiao_cetesb@sp.gov.br,https://licenciamento.cetesb.sp.gov.br/municipioss.asp?muni=S%C3O%20SEBASTI%C3O
3550803,São Sebastião da Grama,Agência Ambiental de São João da Boa Vista,Rua Marechal Deodoro,,345,Centro,São João da Boa Vista,13870-223,(19) 3633-1510,(19) 3633-1510,sjboavista_cetesb@sp.gov.br,https://licenciamento.cetesb.sp.gov.br/municipioss.asp?muni=S%C3O%20SEBASTI%C3O%20DA%20GRAMA
3550902,São Simão,Agência Ambiental de Ribeirão Preto,Avenida Presidente Kennedy,,1760,Ribeirânia,Ribeirão Preto,14096-350,(16) 3617-4700,(16) 3617-4207,ribeirao_cetesb@sp.gov.br,https://licenciamento.cetesb.sp.gov.br/municipioss.asp?muni=S%C3O%20SIM%C3O
3551009,São Vicente,Agência Ambiental de Santos,Rua Delfim Moreira,,56,Embaré,Santos,11040-100,(13) 3227-7767,(13) 3227-7767,santos_cetesb@sp.gov.br,https://licenciamento.cetesb.sp.gov.br/municipioss.asp?muni=S%C3O%20VICENTE
3551108,Sarapuí,Agência Ambiental de Itapetininga,Rua General Carneiro,,196,Centro,Itapetininga,18200-024,(15) 3272-2888,(15) 3272-2891,itapetininga_cetesb@sp.gov.br,https://licenciamento.cetesb.sp.gov.br/municipioss.asp?muni=SARAPU%CD
3551207,Sarutaiá,Agência Ambiental de Avaré,Avenida Governador Mário Covas,,525,Vila Industrial,Avaré,18705-851,(14) 3732-4900,,avare_cetesb@sp.gov.br,https://licenciamento.cetesb.sp.gov.br/municipioss.asp?muni=SARUTAI%C1
3551306,Sebastianópolis do Sul,Agência Ambiental de Votuporanga,Avenida Deputado Aureo Ferreira,,1724,Vila Paes,Votuporanga,15500-112,(17) 3421-4004,(17) 3421-4004,votuporanga_cetesb@sp.gov.br,https://licenciamento.cetesb.sp.gov.br/municipioss.asp?muni=SEBASTIAN%D3POLIS%20DO%20SUL
3551405,Serra Azul,Agência Ambiental de Ribeirão Preto,Avenida Presidente Kennedy,,1760,Ribeirânia,Ribeirão Preto,14096-350,(16) 3617-4700,(16) 3617-4207,ribeirao_cetesb@sp.gov.br,https://licenciamento.cetesb.sp.gov.br/municipioss.asp?muni=SERRA%20AZUL
3551603,Serra Negra,Agência Ambiental de Mogi Guaçu,Rua Hugo Pancieira,,400,Pedregulhal,Mogi Guaçu,13845-190,(19) 3818-0396,(19) 3818-0396,mogiguacu_cetesb@sp.gov.br,https://licenciamento.cetesb.sp.gov.br/municipioss.asp?muni=SERRA%20NEGRA
3551504,Serrana,Agência Ambiental de Ribeirão Preto,Avenida Presidente Kennedy,,1760,Ribeirânia,Ribeirão Preto,14096-350,(16) 3617-4700,(16) 3617-4207,ribeirao_cetesb@sp.gov.br,https://licenciamento.cetesb.sp.gov.br/municipioss.asp?muni=SERRANA
3551702,Sertãozinho,Agência Ambiental de Ribeirão Preto,Avenida Presidente Kennedy,,1760,Ribeirânia,Ribeirão Preto,14096-350,(16) 3617-4700,(16) 3617-4207,ribeirao_cetesb@sp.gov.br,https://licenciamento.cetesb.sp.gov.br/municipioss.asp?muni=SERT%C3OZINHO
3551801,Sete Barras,Agência Ambiental de Registro,Rua São Bento,,249,Jardim São Nicolau,Registro,11900-000,(13) 3822-3855,(13) 3822-4437,registro_cetesb@sp.gov.br,https://licenciamento.cetesb.sp.gov.br/municipioss.asp?muni=SETE%20BARRAS
3551900,Severínia,Agência Ambiental de Barretos,Rua 30,,564,Centro,Barretos,14780-120,(17) 3323-1790,,barretos_cetesb@sp.gov.br,https://licenciamento.cetesb.sp.gov.br/municipioss.asp?muni=SEVER%CDNIA
3552007,Silveiras,Agência Ambiental de Taubaté,Avenida Itambé,,38,Santa Luzia,Taubaté,12091-200,(12) 3634-8222,(12) 3634-8234,taubate_cetesb@sp.gov.br,https://licenciamento.cetesb.sp.gov.br/municipioss.asp?muni=SILVEIRAS
3552106,Socorro,Agência Ambiental de Mogi Guaçu,Rua Hugo Pancieira,,400,Pedregulhal,Mogi Guaçu,13845-190,(19) 3818-0396,(19) 3818-0396,mogiguacu_cetesb@sp.gov.br,https://licenciamento.cetesb.sp.gov.br/municipioss.asp?muni=SOCORRO
3552205,Sorocaba,Agência Ambiental de Sorocaba,Rua Epitácio Pessoa,,269,Além Ponte,Sorocaba,18013-190,(15) 3222-2065,(15) 3222-2065,sorocaba_cetesb@sp.gov.br,https://licenciamento.cetesb.sp.gov.br/municipioss.asp?muni=SOROCABA
3552304,Sud Mennucci,Agência Ambiental de Jales,Rua Nova Iorque,,1016,Jardim Monterey,Jales,15703-326,(17) 3621-1042,(17) 3621-1042,jales_cetesb@sp.gov.br,https://licenciamento.cetesb.sp.gov.br/municipioss.asp?muni=SUD%20MENNUCCI
3552403,Sumaré,Agência Ambiental de Americana,Rua Florindo Cibin,,435,Vila Medon,Americana,13465-230,(19) 3461-1550,(19) 3461-1550,americana_cetesb@sp.gov.br,https://licenciamento.cetesb.sp.gov.br/municipioss.asp?muni=SUMAR%C9
3552551,Suzanápolis,Agência Ambiental de Jales,Rua Nova Iorque,,1016,Jardim Monterey,Jales,15703-326,(17) 3621-1042,(17) 3621-1042,jales_cetesb@sp.gov.br,https://licenciamento.cetesb.sp.gov.br/municipioss.asp?muni=SUZAN%C1POLIS
3552502,Suzano,Agência Ambiental de Mogi das Cruzes,Rua Francisco Franco,,133,Centro,Mogi das Cruzes,08710-590,(11) 4723-2130,,mogi_cetesb@sp.gov.br,https://licenciamento.cetesb.sp.gov.br/municipioss.asp?muni=SUZANO
3552601,Tabapuã,Agência Ambiental de São José do Rio Preto,Avenida Floriano André Cabrera,,,Residencial Cidade Jardim - Jardim São Marcos,São José do Rio Preto,15081-490,(17) 3218-4300,(17) 3218-4300,riopreto_cetesb@sp.gov.br,https://licenciamento.cetesb.sp.gov.br/municipioss.asp?muni=TABAPU%C3
3552700,Tabatinga,Agência Ambiental de Araraquara,Avenida Castro Alves,,1271,Carmo,Araraquara,14800-140,(16) 3332-2211,(16) 3332-2211,araraquara_cetesb@sp.gov.br,https://licenciamento.cetesb.sp.gov.br/municipioss.asp?muni=TABATINGA
3552809,Taboão da Serra,Agência Ambiental de Santo Amaro,Rua Anete Queiroz Lacerda,,80,Jardim Bonfiglioli,São Paulo,05591-080,(11) 3721-2244,(11) 3721-2244,santoamaro_cetesb@sp.gov.br,https://licenciamento.cetesb.sp.gov.br/municipioss.asp?muni=TABO%C3O%20DA%20SERRA
3552908,Taciba,Agência Ambiental de Presidente Prudente,Rua João Gonçalves Foz,,1736A,Jardim das Rosas,Presidente Prudente,19060-050,(18) 3223-5001,,prudente_cetesb@sp.gov.br,https://licenciamento.cetesb.sp.gov.br/municipioss.asp?muni=TACIBA
3553005,Taguaí,Agência Ambiental de Avaré,Avenida Governador Mário Covas,,525,Vila Industrial,Avaré,18705-851,(14) 3732-4900,,avare_cetesb@sp.gov.br,https://licenciamento.cetesb.sp.gov.br/municipioss.asp?muni=TAGUA%CD
3553104,Taiaçu,Agência Ambiental de Jaboticabal,Avenida Angelo Morello,,60,Jardim Santa Rosa,Jaboticabal,14875-290,(16) 3203-9400,(16) 3203-9400,jaboticabal_cetesb@sp.gov.br,https://licenciamento.cetesb.sp.gov.br/municipioss.asp?muni=TAIA%C7U
3553203,Taiúva,Agência Ambiental de Jaboticabal,Avenida Angelo Morello,,60,Jardim Santa Rosa,Jaboticabal,14875-290,(16) 3203-9400,(16) 3203-9400,jaboticabal_cetesb@sp.gov.br,https://licenciamento.cetesb.sp.gov.br/municipioss.asp?muni=TAI%DAVA
3553302,Tambaú,Agência Ambiental de São João da Boa Vista,Rua Marechal Deodoro,,345,Centro,São João da Boa Vista,13870-223,(19) 3633-1510,(19) 3633-1510,sjboavista_cetesb@sp.gov.br,https://licenciamento.cetesb.sp.gov.br/municipioss.asp?muni=TAMBA%DA
3553401,Tanabi,Agência Ambiental de Votuporanga,Avenida Deputado Aureo Ferreira,,1724,Vila Paes,Votuporanga,15500-112,(17) 3421-4004,(17) 3421-4004,votuporanga_cetesb@sp.gov.br,https://licenciamento.cetesb.sp.gov.br/municipioss.asp?muni=TANABI
3553500,Tapiraí,Agência Ambiental de Sorocaba,Rua Epitácio Pessoa,,269,Além Ponte,Sorocaba,18013-190,(15) 3222-2065,(15) 3222-2065,sorocaba_cetesb@sp.gov.br,https://licenciamento.cetesb.sp.gov.br/municipioss.asp?muni=TAPIRA%CD
3553609,Tapiratiba,Agência Ambiental de São João da Boa Vista,Rua Marechal Deodoro,,345,Centro,São João da Boa Vista,13870-223,(19) 3633-1510,(19) 3633-1510,sjboavista_cetesb@sp.gov.br,https://licenciamento.cetesb.sp.gov.br/municipioss.asp?muni=TAPIRATIBA
3553658,Taquaral,Agência Ambiental de Jaboticabal,Avenida Angelo Morello,,60,Jardim Santa Rosa,Jaboticabal,14875-290,(16) 3203-9400,(16) 3203-9400,jaboticabal_cetesb@sp.gov.br,https://licenciamento.cetesb.sp.gov.br/municipioss.asp?muni=TAQUARAL
3553708,Taquaritinga,Agência Ambiental de Jaboticabal,Avenida Angelo Morello,,60,Jardim Santa Rosa,Jaboticabal,14875-290,(16) 3203-9400,(16) 3203-9400,jaboticabal_cetesb@sp.gov.br,https://licenciamento.cetesb.sp.gov.br/municipioss.asp?muni=TAQUARITINGA
3553807,Taquarituba,Agência Ambiental de Avaré,Avenida Governador Mário Covas,,525,Vila Industrial,Avaré,18705-851,(14) 3732-4900,,avare_cetesb@sp.gov.br,https://licenciamento.cetesb.sp.gov.br/municipioss.asp?muni=TAQUARITUBA
3553856,Taquarivaí,Agência Ambiental de Capão Bonito,Rua Denise,,131,Terras de Imbirucu,Capão Bonito,18304-700,(15) 3542-3173,(15) 3542-3173,capaobonito_cetesb@sp.gov.br,https://licenciamento.cetesb.sp.gov.br/municipioss.asp?muni=TAQUARIVA%CD
3553906,Tarabai,Agência Ambiental de Presidente Prudente,Rua João Gonçalves Foz,,1736A,Jardim das Rosas,Presidente Prudente,19060-050,(18) 3223-5001,,prudente_cetesb@sp.gov.br,https://licenciamento.cetesb.sp.gov.br/municipioss.asp?muni=TARABAI
3553955,Tarumã,Agência Ambiental de Assis,Via Chico Mendes,,75,Quinta dos Flamboyants,Assis,19810-005,(18) 3324-4177,(18) 3324-4177,assis_cetesb@sp.gov.br,https://licenciamento.cetesb.sp.gov.br/municipioss.asp?muni=TARUM%C3
3554003,Tatuí,Agência Ambiental de Sorocaba,Rua Epitácio Pessoa,,269,Além Ponte,Sorocaba,18013-190,(15) 3222-2065,(15) 3222-2065,sorocaba_cetesb@sp.gov.br,https://licenciamento.cetesb.sp.gov.br/municipioss.asp?muni=TATU%CD
3554102,Taubaté,Agência Ambiental de Taubaté,Avenida Itambé,,38,Santa Luzia,Taubaté,12091-200,(12) 3634-8222,(12) 3634-8234,taubate_cetesb@sp.gov.br,https://licenciamento.cetesb.sp.gov.br/municipioss.asp?muni=TAUBAT%C9
3554201,Tejupá,Agência Ambiental de Avaré,Avenida Governador Mário Covas,,525,Vila Industrial,Avaré,18705-851,(14) 3732-4900,,avare_cetesb@sp.gov.br,https://licenciamento.cetesb.sp.gov.br/municipioss.asp?muni=TEJUP%C1
3554300,Teodoro Sampaio,Agência Ambiental de Presidente Prudente,Rua João Gonçalves Foz,,1736A,Jardim das Rosas,Presidente Prudente,19060-050,(18) 3223-5001,,prudente_cetesb@sp.gov.br,https://licenciamento.cetesb.sp.gov.br/municipioss.asp?muni=TEODORO%20SAMPAIO
3554409,Terra Roxa,Agência Ambiental de Barretos,Rua 30,,564,Centro,Barretos,14780-120,(17) 3323-1790,,barretos_cetesb@sp.gov.br,https://licenciamento.cetesb.sp.gov.br/municipioss.asp?muni=TERRA%20ROXA
3554508,Tietê,Agência Ambiental de Itu,Rua Santa Rita,,1165,Centro,Itu,13300-065,(11) 4013-3419,(11) 4013-3419,itu_cetesb@sp.gov.br,https://licenciamento.cetesb.sp.gov.br/municipioss.asp?muni=TIET%CA
3554607,Timburi,Agência Ambiental de Assis,Via Chico Mendes,,75,Quinta dos Flamboyants,Assis,19810-005,(18) 3324-4177,(18) 3324-4177,assis_cetesb@sp.gov.br,https://licenciamento.cetesb.sp.gov.br/municipioss.asp?muni=TIMBURI
3554656,Torre de Pedra,Agência Ambiental de Botucatu,Rua Lourenço Carmelo,,180,Jardim Paraíso,Botucatu,18610-265,(14) 3882-1134,(14) 3882-1134,botucatu_cetesb@sp.gov.br,https://licenciamento.cetesb.sp.gov.br/municipioss.asp?muni=TORRE%20DE%20PEDRA
3554706,Torrinha,Agência Ambiental de São Carlos,Avenida das Azaléias,,700,Cidade Jardim,São Carlos,13566-500,(16) 3361-2004,(16) 3361-2004,saocarlos_cetesb@sp.gov.br,https://licenciamento.cetesb.sp.gov.br/municipioss.asp?muni=TORRINHA
3554755,Trabiju,Agência Ambiental de Araraquara,Avenida Castro Alves,,1271,Carmo,Araraquara,14800-140,(16) 3332-2211,(16) 3332-2211,araraquara_cetesb@sp.gov.br,https://licenciamento.cetesb.sp.gov.br/municipioss.asp?muni=TRABIJU
3554805,Tremembé,Agência Ambiental de Taubaté,Avenida Itambé,,38,Santa Luzia,Taubaté,12091-200,(12) 3634-8222,(12) 3634-8234,taubate_cetesb@sp.gov.br,https://licenciamento.cetesb.sp.gov.br/municipioss.asp?muni=TREMEMB%C9
3554904,Três Fronteiras,Agência Ambiental de Jales,Rua Nova Iorque,,1016,Jardim Monterey,Jales,15703-326,(17) 3621-1042,(17) 3621-1042,jales_cetesb@sp.gov.br,https://licenciamento.cetesb.sp.gov.br/municipioss.asp?muni=TR%CAS%20FRONTEIRAS
3554953,Tuiuti,Agência Ambiental de Atibaia,Rua Castro Fafe,,295,Centro,Atibaia,12940-440,(11) 4411-6466,(11) 4411-6466,atibaia_cetesb@sp.gov.br,https://licenciamento.cetesb.sp.gov.br/municipioss.asp?muni=TUIUTI
3555000,Tupã,Agência Ambiental de Marília,Rua Santa Helena,,436,Jardim Alvorada,Marília,17513-322,(14) 3422-4666,(14) 3422-4666,marilia_cetesb@sp.gov.br,https://licenciamento.cetesb.sp.gov.br/municipioss.asp?muni=TUP%C3
3555109,Tupi Paulista,Agência Ambiental de Dracena,Rua Tomé de Souza,,438,Centro,Dracena,17900-000,(18) 3822-3166,(18) 3822-3166,dracena_cetesb@sp.gov.br,https://licenciamento.cetesb.sp.gov.br/municipioss.asp?muni=TUPI%20PAULISTA
3555208,Turiúba,Agência Ambiental de Araçatuba,Rua Tenente Alcides Teodoro dos Santos,,260,Aviação,Araçatuba,16055-557,(18) 3608-8053,(18) 3608-7197,aracatuba_cetesb@sp.gov.br,https://licenciamento.cetesb.sp.gov.br/municipioss.asp?muni=TURI%DABA
3555307,Turmalina,Agência Ambiental de Jales,Rua Nova Iorque,,1016,Jardim Monterey,Jales,15703-326,(17) 3621-1042,(17) 3621-1042,jales_cetesb@sp.gov.br,https://licenciamento.cetesb.sp.gov.br/municipioss.asp?muni=TURMALINA
3555356,Ubarana,Agência Ambiental de São José do Rio Preto,Avenida Floriano André Cabrera,,,Residencial Cidade Jardim - Jardim São Marcos,São José do Rio Preto,15081-490,(17) 3218-4300,(17) 3218-4300,riopreto_cetesb@sp.gov.br,https://licenciamento.cetesb.sp.gov.br/municipioss.asp?muni=UBARANA
3555406,Ubatuba,Agência Ambiental de São Sebastião,Rua Francisco da Cruz Maldonado,,132,Portal da Olaria,São Sebastião,11600-000,(12) 3862-2300,(12) 3862-2300,ssebastiao_cetesb@sp.gov.br,https://licenciamento.cetesb.sp.gov.br/municipioss.asp?muni=UBATUBA
3555505,Ubirajara,Agência Ambiental de Bauru,Avenida Rodrigues Alves,Quadra 38,138,Vila Coralina,Bauru,17030-000,(14) 3203-2058,(14) 3203-2344,bauru_cetesb@sp.gov.br,https://licenciamento.cetesb.sp.gov.br/municipioss.asp?muni=UBIRAJARA
3555604,Uchoa,Agência Ambiental de São José do Rio Preto,Avenida Floriano André Cabrera,,,Residencial Cidade Jardim - Jardim São Marcos,São José do Rio Preto,15081-490,(17) 3218-4300,(17) 3218-4300,riopreto_cetesb@sp.gov.br,https://licenciamento.cetesb.sp.gov.br/municipioss.asp?muni=UCHOA
3555703,União Paulista,Agência Ambiental de São José do Rio Preto,Avenida Floriano André Cabrera,,,Residencial Cidade Jardim - Jardim São Marcos,São José do Rio Preto,15081-490,(17) 3218-4300,(17) 3218-4300,riopreto_cetesb@sp.gov.br,https://licenciamento.cetesb.sp.gov.br/municipioss.asp?muni=UNI%C3O%20PAULISTA
3555802,Urânia,Agência Ambiental de Jales,Rua Nova Iorque,,1016,Jardim Monterey,Jales,15703-326,(17) 3621-1042,(17) 3621-1042,jales_cetesb@sp.gov.br,https://licenciamento.cetesb.sp.gov.br/municipioss.asp?muni=UR%C2NIA
3555901,Uru,Agência Ambiental de Marília,Rua Santa Helena,,436,Jardim Alvorada,Marília,17513-322,(14) 3422-4666,(14) 3422-4666,marilia_cetesb@sp.gov.br,https://licenciamento.cetesb.sp.gov.br/municipioss.asp?muni=URU
3556008,Urupês,Agência Ambiental de São José do Rio Preto,Avenida Floriano André Cabrera,,,Residencial Cidade Jardim - Jardim São Marcos,São José do Rio Preto,15081-490,(17) 3218-4300,(17) 3218-4300,riopreto_cetesb@sp.gov.br,https://licenciamento.cetesb.sp.gov.br/municipioss.asp?muni=URUP%CAS
3556107,Valentim Gentil,Agência Ambiental de Votuporanga,Avenida Deputado Aureo Ferreira,,1724,Vila Paes,Votuporanga,15500-112,(17) 3421-4004,(17) 3421-4004,votuporanga_cetesb@sp.gov.br,https://licenciamento.cetesb.sp.gov.br/municipioss.asp?muni=VALENTIM%20GENTIL
3556206,Valinhos,Agência Ambiental de Campinas,Avenida Brasil,,2340,Jardim Chapadão,Campinas,13070-178,(19) 3241-1744,,campinas_cetesb@sp.gov.br,https://licenciamento.cetesb.sp.gov.br/municipioss.asp?muni=VALINHOS
3556305,Valparaíso,Agência Ambiental de Araçatuba,Rua Tenente Alcides Teodoro dos Santos,,260,Aviação,Araçatuba,16055-557,(18) 3608-8053,(18) 3608-7197,aracatuba_cetesb@sp.gov.br,https://licenciamento.cetesb.sp.gov.br/municipioss.asp?muni=VALPARA%CDSO
3556354,Vargem,Agência Ambiental de Atibaia,Rua Castro Fafe,,295,Centro,Atibaia,12940-440,(11) 4411-6466,(11) 4411-6466,atibaia_cetesb@sp.gov.br,https://licenciamento.cetesb.sp.gov.br/municipioss.asp?muni=VARGEM
3556404,Vargem Grande do Sul,Agência Ambiental de São João da Boa Vista,Rua Marechal Deodoro,,345,Centro,São João da Boa Vista,13870-223,(19) 3633-1510,(19) 3633-1510,sjboavista_cetesb@sp.gov.br,https://licenciamento.cetesb.sp.gov.br/municipioss.asp?muni=VARGEM%20GRANDE%20DO%20SUL
3556453,Vargem Grande Paulista,Agência Ambiental de Embu das Artes,Avenida João Paulo I,,495,Jardim São Luiz,Embu das Artes,06816-550,(11) 4704-8835,(11) 4704-8835,embu_cetesb@sp.gov.br,https://licenciamento.cetesb.sp.gov.br/municipioss.asp?muni=VARGEM%20GRANDE%20PAULISTA
3556503,Várzea Paulista,Agência Ambiental de Jundiaí,Rua João Ferrara,,555,Jardim Pitangueiras II,Jundiaí,13206-714,(11) 4817-1898,(11) 4587-3597,jundiai_cetesb@sp.gov.br,https://licenciamento.cetesb.sp.gov.br/municipioss.asp?muni=V%C1RZEA%20PAULISTA
3556602,Vera Cruz,Agência Ambiental de Marília,Rua Santa Helena,,436,Jardim Alvorada,Marília,17513-322,(14) 3422-4666,(14) 3422-4666,marilia_cetesb@sp.gov.br,https://licenciamento.cetesb.sp.gov.br/municipioss.asp?muni=VERA%20CRUZ
3556701,Vinhedo,Agência Ambiental de Campinas,Avenida Brasil,,2340,Jardim Chapadão,Campinas,13070-178,(19) 3241-1744,,campinas_cetesb@sp.gov.br,https://licenciamento.cetesb.sp.gov.br/municipioss.asp?muni=VINHEDO
3556800,Viradouro,Agência Ambiental de Barretos,Rua 30,,564,Centro,Barretos,14780-120,(17) 3323-1790,,barretos_cetesb@sp.gov.br,https://licenciamento.cetesb.sp.gov.br/municipioss.asp?muni=VIRADOURO
3556909,Vista Alegre do Alto,Agência Ambiental de Jaboticabal,Avenida Angelo Morello,,60,Jardim Santa Rosa,Jaboticabal,14875-290,(16) 3203-9400,(16) 3203-9400,jaboticabal_cetesb@sp.gov.br,https://licenciamento.cetesb.sp.gov.br/municipioss.asp?muni=VISTA%20ALEGRE%20DO%20ALTO
3556958,Vitória Brasil,Agência Ambiental de Jales,Rua Nova Iorque,,1016,Jardim Monterey,Jales,15703-326,(17) 3621-1042,(17) 3621-1042,jales_cetesb@sp.gov.br,https://licenciamento.cetesb.sp.gov.br/municipioss.asp?muni=VIT%D3RIA%20BRASIL
3557006,Votorantim,Agência Ambiental de Sorocaba,Rua Epitácio Pessoa,,269,Além Ponte,Sorocaba,18013-190,(15) 3222-2065,(15) 3222-2065,sorocaba_cetesb@sp.gov.br,https://licenciamento.cetesb.sp.gov.br/municipioss.asp?muni=VOTORANTIM
3557105,Votuporanga,Agência Ambiental de Votuporanga,Avenida Deputado Aureo Ferreira,,1724,Vila Paes,Votuporanga,15500-112,(17) 3421-4004,(17) 3421-4004,votuporanga_cetesb@sp.gov.br,https://licenciamento.cetesb.sp.gov.br/municipioss.asp?muni=VOTUPORANGA
3557154,Zacarias,Agência Ambiental de Araçatuba,Rua Tenente Alcides Teodoro dos Santos,,260,Aviação,Araçatuba,16055-557,(18) 3608-8053,(18) 3608-7197,aracatuba_cetesb@sp.gov.br,https://licenciamento.cetesb.sp.gov.br/municipioss.asp?muni=ZACARIAS
